124 550
329 178
667 705
312 315
619 806
269 732
329 751
10 28
465 606
917 961
298 557
15 703
452 743
120 997
212 386
172 635
205 255
139 289
636 771
175 824
41 961
759 777
35 363
32 739
364 456
24 128
12 934
542 607
765 803
169 647
636 714
382 458
272 851
277 594
251 696
696 843
166 614
765 973
370 917
754 332
915 990
390 662
238 460
296 422
61 185
71 689
468 637
134 274
356 997
397 449
580 906
769 990
579 684
409 622
13 657
108 617
114 409
107 475
256 480
299 364
530 787
318 488
22 59
142 927
357 823
172 597
73 327
803 850
685 771
401 437
64 422
133 293
961 998
414 494
74 829
2 294
42 572
697 791
307 401
306 428
386 941
494 989
212 275
21 517
445 492
96 519
348 815
379 942
37 532
499 819
277 432
256 564
300 709
636 750
356 585
712 783
568 683
126 876
92 148
89 359
844 998
502 800
360 835
321 592
231 391
316 624
93 173
372 770
275 621
511 825
96 535
323 907
355 482
627 953
125 295
716 384
626 996
167 949
717 914
679 914
969 998
252 770
541 798
675 909
174 294
22 407
218 902
81 353
155 244
260 861
4 205
148 578
208 369
238 478
689 857
8 849
98 774
150 787
84 253
38 128
346 739
485 809
629 772
523 424
129 801
62 748
453 805
388 871
344 616
140 371
600 922
397 576
414 890
224 263
505 747
4 730
579 586
195 361
67 219
368 512
215 963
384 914
288 520
554 650
287 911
361 449
254 720
514 679
9 840
295 370
561 660
570 610
458 544
102 988
197 239
205 249
153 425
194 980
789 883
326 983
502 981
334 939
173 699
908 953
47 140
501 709
86 923
339 672
1 369
224 521
581 617
18 459
209 602
607 911
834 848
355 857
134 300
14 64
506 777
618 699
91 931
98 139
137 510
543 811
69 716
348 697
70 904
5 770
38 750
158 543
265 731
395 986
897 867
297 634
225 492
10 597
373 767
463 901
334 590
138 536
721 835
240 384
589 894
948 998
606 735
161 839
586 594
303 647
420 543
587 676
192 636
308 825
479 936
83 360
105 265
677 804
714 795
677 698
259 357
362 576
75 638
887 997
242 469
143 777
252 865
212 746
387 556
205 818
9 205
178 404
633 750
84 568
914 986
366 666
781 923
669 939
109 560
660 773
185 874
356 497
663 944
32 69
156 267
191 628
57 192
391 911
396 653
706 790
598 991
272 511
26 355
421 933
595 690
217 545
463 948
562 668
114 984
640 683
751 848
205 562
513 916
225 542
193 642
760 921
404 832
131 967
821 863
497 638
189 420
735 793
548 817
493 736
232 675
186 911
239 701
32 959
298 913
472 716
248 983
119 586
472 532
8 953
896 448
799 895
130 159
412 438
54 267
76 598
178 601
54 234
284 574
89 436
982 694
255 435
204 500
250 401
193 452
446 635
41 310
563 960
851 862
516 932
5 299
472 772
440 710
289 697
219 256
166 316
933 572
485 793
208 968
360 475
136 155
768 922
198 287
571 696
436 754
444 966
78 993
946 430
432 797
470 916
23 265
576 909
60 942
684 766
794 833
143 870
100 250
83 388
145 453
399 824
242 423
171 465
136 599
459 920
432 976
254 285
160 666
266 797
416 967
43 466
337 214
210 587
130 708
280 543
499 564
601 952
42 872
116 123
414 530
486 812
123 311
817 990
245 496
477 614
634 943
667 748
127 162
337 463
410 853
361 864
342 927
180 998
146 505
124 541
98 141
129 521
250 69
200 621
137 512
377 975
527 891
7 821
673 776
958 995
349 698
653 540
273 817
601 706
13 541
69 163
416 673
115 355
31 387
61 787
454 966
362 925
325 369
174 617
159 625
641 901
381 395
51 479
212 665
393 615
454 636
278 894
167 620
67 665
136 715
276 643
116 802
354 651
583 826
610 863
649 869
229 668
595 756
155 830
257 985
222 255
244 473
791 805
209 761
28 621
453 962
337 455
253 695
279 982
112 682
588 736
241 599
151 505
178 532
142 438
811 855
65 620
722 846
129 654
15 669
482 780
173 474
944 950
261 816
321 497
64 113
966 244
216 962
680 828
199 706
344 879
666 937
570 330
47 787
69 591
76 175
66 221
30 738
258 662
898 788
265 893
156 602
180 687
921 978
409 890
554 838
534 718
464 727
271 688
228 883
149 207
447 774
719 752
610 997
34 345
127 554
297 361
6 45
710 755
268 648
175 403
782 977
203 666
318 737
450 897
614 840
739 879
37 314
489 586
135 639
466 921
189 476
54 856
444 570
741 945
497 883
18 475
192 466
184 612
66 599
156 577
65 916
112 440
276 938
105 434
133 370
407 848
552 561
130 547
492 608
37 203
497 586
795 837
404 721
66 324
448 636
7 756
778 784
18 840
134 571
169 957
152 813
290 806
32 200
983 12
418 426
69 384
146 980
69 739
361 810
806 913
497 578
365 623
473 630
165 464
623 884
50 822
51 955
502 902
89 157
110 569
81 756
658 823
797 861
89 123
611 923
391 477
630 713
129 439
656 694
59 740
235 858
143 755
52 182
501 918
371 983
568 785
31 206
664 809
98 893
11 132
920 553
657 947
134 527
144 902
341 370
467 931
215 500
252 993
186 994
340 762
77 542
60 215
514 947
369 864
318 679
176 300
164 262
278 355
189 312
520 807
957 967
544 579
576 797
628 766
326 529
230 528
799 853
607 685
379 973
703 876
658 986
292 721
298 674
423 814
906 568
160 339
450 969
54 84
788 923
390 443
837 993
494 938
645 63
307 849
368 888
721 968
139 939
55 876
155 450
168 708
318 860
225 851
244 385
284 793
322 790
663 909
172 529
48 442
335 818
67 620
818 987
123 735
321 332
185 532
298 442
73 547
449 906
534 639
187 828
175 696
14 688
123 513
280 822
421 775
882 920
185 600
936 986
236 777
6 432
200 455
279 906
649 982
402 470
51 116
48 109
47 248
92 431
387 848
239 760
246 728
498 749
194 765
634 959
553 916
439 816
75 316
622 629
825 970
284 478
795 994
546 872
54 567
729 976
460 592
556 835
68 268
389 882
985 957
325 586
98 909
125 924
76 613
26 490
37 550
289 744
158 290
877 912
114 927
64 684
56 194
459 809
28 203
162 896
74 342
9 449
81 827
99 442
113 937
698 961
430 961
95 536
172 745
43 490
244 979
337 909
804 992
24 59
548 763
490 658
553 826
734 776
769 976
139 638
208 714
909 976
97 583
287 422
42 940
805 820
167 931
313 648
778 895
445 983
399 719
208 613
56 898
894 901
327 431
778 945
194 243
171 938
740 921
918 269
9 13
652 679
151 337
222 624
418 874
851 1000
257 685
349 934
971 1000
558 697
596 793
222 295
449 647
133 897
48 292
365 767
153 404
103 612
445 453
139 813
422 427
37 71
493 912
550 725
402 559
550 767
336 415
520 848
623 710
46 376
540 605
343 451
155 600
228 274
251 895
148 816
279 688
173 524
307 567
33 346
546 934
194 986
666 886
1 735
464 648
189 612
742 986
86 905
407 763
436 866
298 970
929 988
457 517
196 971
53 284
237 946
76 393
8 620
50 98
245 704
186 485
233 409
841 996
344 892
26 782
32 270
287 555
510 596
722 736
193 517
184 579
535 821
129 498
89 963
397 525
122 328
529 627
523 559
153 642
402 835
174 311
255 389
543 589
110 841
168 885
112 743
535 706
845 937
107 290
308 361
467 964
300 564
386 613
205 212
103 449
617 693
35 730
84 245
281 309
884 346
406 870
542 546
292 895
769 992
700 803
657 860
802 388
105 734
383 533
259 697
395 999
284 396
451 898
174 255
65 82
281 874
105 711
437 559
149 859
71 172
134 635
832 911
318 411
329 797
141 503
199 923
57 693
186 935
215 504
330 416
225 565
308 592
375 885
561 589
333 512
619 897
682 937
676 797
128 877
74 319
710 727
339 351
801 1000
307 541
188 604
660 783
530 531
334 469
286 822
208 506
241 327
437 461
64 536
243 431
329 775
122 504
84 334
859 959
127 230
243 885
605 940
806 937
403 689
405 445
114 634
161 956
222 664
92 399
637 924
114 603
909 983
4 87
42 320
380 501
290 863
69 837
256 804
316 683
252 900
51 383
246 271
471 956
329 370
254 962
465 678
43 210
367 557
50 296
103 260
916 939
303 362
571 666
171 174
102 438
676 794
664 801
895 317
263 897
110 163
461 907
144 922
436 453
155 436
94 588
10 945
583 680
468 513
299 373
156 465
289 905
208 351
735 809
45 400
150 252
52 504
434 562
514 979
497 605
162 894
218 886
619 914
155 235
227 844
633 278
475 588
113 611
542 832
629 932
28 406
144 311
464 734
286 652
338 915
48 146
126 769
293 309
315 387
523 590
113 549
16 229
750 365
425 907
299 518
410 590
532 829
985 989
458 839
292 522
728 921
85 580
138 909
135 80
315 581
159 781
24 639
138 438
371 604
658 985
80 476
1 350
34 746
52 487
466 374
610 802
306 483
738 859
413 568
893 909
827 847
751 878
51 175
559 636
919 947
384 470
241 605
514 378
179 603
100 637
93 670
628 972
750 933
166 484
255 530
24 688
131 502
14 773
120 777
287 852
97 997
212 443
62 128
16 892
311 825
289 829
763 516
105 478
20 954
190 773
176 501
128 497
85 407
67 640
9 503
66 329
109 878
49 324
235 243
842 875
475 479
33 704
129 603
264 921
302 815
499 800
13 933
607 809
74 417
324 359
734 767
148 585
87 143
543 743
635 737
172 311
204 939
93 991
309 457
41 532
427 850
20 605
208 272
414 417
104 773
112 748
242 358
82 348
536 665
88 427
309 636
690 855
336 873
103 534
105 968
67 836
110 465
843 950
627 878
436 749
309 530
608 843
329 564
596 673
845 855
74 83
268 598
643 656
338 587
635 903
21 974
79 437
55 779
466 953
473 789
414 810
253 800
286 460
591 664
379 531
200 855
883 941
335 996
164 175
49 362
220 609
249 745
571 712
492 594
197 552
146 232
339 827
441 690
353 742
676 776
408 524
346 676
138 800
506 645
349 625
181 749
250 893
95 300
689 707
57 588
73 990
452 839
673 902
4 879
431 821
170 852
176 983
629 896
496 548
132 494
357 752
699 738
759 811
818 865
741 932
247 984
240 672
430 679
180 719
318 853
463 432
708 882
54 476
445 731
132 406
524 768
182 320
207 508
820 969
527 895
59 808
216 538
177 584
310 917
168 280
455 489
708 850
424 475
273 288
678 908
484 910
471 479
52 280
248 974
6 138
56 225
236 838
336 347
402 962
74 867
354 936
254 563
43 84
818 837
402 794
610 942
252 517
376 522
506 964
179 548
816 905
11 461
845 610
769 900
48 972
260 773
967 877
228 910
428 712
89 575
114 569
464 972
155 985
460 563
897 954
274 999
94 465
267 329
451 764
65 273
888 892
559 589
71 242
360 647
363 413
259 545
235 716
650 725
300 710
446 553
116 621
137 415
458 970
394 679
445 486
596 619
178 617
371 868
3 503
229 382
63 908
611 999
807 829
115 580
152 592
321 734
147 762
181 378
242 574
142 760
327 960
734 903
786 835
657 869
156 351
324 577
37 935
699 790
799 935
384 818
11 379
137 141
48 839
927 1000
442 737
183 437
240 579
62 511
25 741
58 185
51 692
583 673
302 759
167 455
602 638
324 658
690 907
60 958
227 298
741 235
696 821
117 261
157 773
226 930
91 98
376 831
425 745
804 998
214 348
126 450
515 834
682 898
11 334
773 834
445 684
133 862
666 810
134 889
6 699
618 652
559 675
262 782
412 730
248 392
529 874
91 893
574 778
254 673
175 259
482 586
20 103
347 782
149 728
339 496
241 627
355 665
255 995
32 182
35 607
201 821
289 437
424 913
162 458
56 660
463 615
313 765
427 820
113 822
52 70
364 546
592 818
123 716
354 825
147 465
773 903
661 787
21 464
258 975
823 862
852 964
205 982
170 505
57 144
151 227
250 959
213 647
340 908
66 999
52 871
140 275
105 359
189 665
677 939
42 812
438 862
409 483
536 632
566 682
931 969
277 687
49 133
343 931
90 827
503 817
233 692
248 751
25 934
450 522
257 645
922 981
3 265
499 509
172 922
102 698
133 893
417 419
298 593
260 977
42 978
575 841
868 909
250 816
477 530
409 453
446 784
592 697
155 776
85 674
375 913
936 953
665 818
219 258
536 601
487 913
611 790
531 800
432 670
339 470
107 964
75 191
152 847
977 989
439 994
229 683
398 770
27 710
331 540
631 938
85 185
114 490
824 878
746 754
186 339
777 938
786 879
541 678
7 24
755 786
187 521
88 920
247 638
52 131
172 642
448 824
313 392
554 758
12 927
623 639
45 522
796 961
144 713
282 861
17 661
176 268
423 929
790 948
385 751
146 517
319 852
670 893
242 443
521 959
317 595
929 277
678 957
516 964
13 354
161 669
217 361
788 914
478 942
529 788
313 808
613 731
279 651
282 678
220 479
14 452
293 729
539 693
636 876
554 792
13 341
25 811
537 757
98 237
713 985
397 981
376 934
56 636
461 633
140 487
45 266
197 459
210 736
556 621
92 139
74 566
334 999
415 856
196 726
436 473
741 896
504 933
152 194
519 842
686 246
599 974
140 228
258 909
469 605
855 898
296 668
31 671
115 890
208 572
149 158
55 976
74 81
141 500
531 630
231 866
241 670
45 883
602 890
57 973
575 988
291 665
429 611
105 381
462 651
840 879
457 563
582 613
68 518
726 959
845 923
324 681
18 432
174 765
400 527
78 99
60 977
908 976
239 949
462 757
160 861
432 787
529 78
26 773
269 272
89 681
58 986
434 915
113 825
122 849
173 584
497 933
201 998
832 876
245 493
80 723
74 866
556 873
106 231
793 437
463 682
850 268
303 739
658 714
909 928
155 998
221 795
6 117
850 957
334 730
527 564
114 859
336 822
687 865
274 973
495 833
300 404
949 851
767 884
121 966
346 992
420 429
425 726
30 377
39 91
354 492
408 909
436 536
327 893
15 173
112 470
126 467
708 883
290 695
35 581
931 932
872 899
413 667
141 238
117 486
484 885
124 611
660 688
235 874
53 912
8 275
52 425
21 433
504 600
33 739
225 490
35 782
605 715
219 272
781 841
320 868
93 658
945 997
150 962
269 757
322 628
876 960
519 800
6 268
449 684
460 523
539 943
21 261
735 788
131 874
364 727
792 534
557 840
63 281
430 582
389 817
143 579
189 875
347 389
605 208
218 340
250 910
227 490
68 677
25 781
94 546
487 797
69 358
18 381
194 374
493 764
1 257
610 753
470 649
221 967
472 658
612 722
782 919
614 665
500 801
415 969
713 786
245 16
56 183
816 843
353 784
371 790
447 943
685 785
412 666
10 56
386 838
11 254
474 806
294 730
310 427
263 694
609 690
537 617
779 917
121 795
530 758
694 950
571 995
519 725
272 614
858 845
179 923
112 693
98 521
928 945
163 739
509 779
21 502
504 630
536 939
389 933
374 558
619 979
317 489
112 213
858 961
645 798
363 383
858 999
245 672
497 650
403 448
904 956
243 812
241 322
61 166
178 663
488 857
568 795
338 903
559 604
138 559
77 974
72 668
375 935
102 852
35 383
524 816
560 792
21 797
158 432
429 723
33 449
27 621
683 84
176 705
595 596
240 382
318 933
33 862
235 511
853 947
418 589
15 241
204 726
188 326
89 496
72 306
822 870
136 788
537 584
8 853
295 945
774 964
629 951
5 70
158 716
93 400
715 821
256 764
528 584
193 420
257 878
165 620
112 454
98 572
583 9
511 844
432 608
50 964
430 760
343 576
304 443
138 499
241 591
152 859
750 815
724 870
978 991
268 638
449 735
133 291
290 470
466 469
81 158
445 925
51 173
806 445
37 608
104 765
84 933
63 364
393 695
7 510
234 460
297 364
628 800
591 891
234 386
266 673
286 900
541 814
7 673
615 110
233 736
597 933
165 286
379 430
166 267
734 841
12 869
235 351
316 582
375 756
490 643
267 758
916 944
411 973
173 530
782 800
10 338
312 642
205 564
614 768
829 989
50 408
83 807
435 438
582 624
231 838
681 843
607 935
586 913
636 866
131 631
204 433
610 724
748 921
887 901
397 415
304 628
480 850
505 904
404 453
549 603
140 359
40 51
568 844
333 801
551 713
86 345
505 690
897 928
344 735
434 540
442 458
589 788
306 406
280 831
170 189
176 948
32 160
59 69
203 674
4 615
734 871
243 948
142 8
256 338
110 981
521 735
15 426
96 245
484 825
69 605
411 852
79 488
446 590
655 861
387 905
123 366
459 635
692 811
185 652
613 846
444 531
400 430
437 815
91 617
98 759
164 757
302 527
559 992
373 729
151 479
681 946
19 933
147 326
695 835
158 366
287 714
381 559
126 879
159 284
43 902
511 730
225 436
105 718
362 693
149 205
70 131
413 849
513 899
420 687
11 239
349 800
529 872
381 530
105 311
22 290
235 572
703 723
413 765
92 829
18 148
409 888
28 299
364 874
167 774
449 871
433 972
291 345
585 631
483 669
203 431
478 984
282 928
531 810
454 903
409 993
251 780
716 797
348 651
411 930
220 805
849 939
321 324
62 143
38 780
120 731
17 688
486 578
382 391
49 608
901 363
259 643
437 617
455 444
362 365
78 826
114 775
270 524
293 344
685 877
415 652
121 159
716 834
56 752
161 200
263 883
89 163
48 310
463 846
701 826
213 637
671 703
200 502
306 784
361 914
469 674
223 411
360 927
762 827
683 992
495 107
107 553
547 987
270 351
348 732
2 986
86 499
314 720
539 726
117 394
3 281
550 698
278 852
951 154
46 993
83 805
109 292
366 555
564 897
292 935
695 560
70 525
250 863
148 356
22 92
361 253
248 777
137 762
481 872
174 843
6 911
342 449
654 957
519 872
185 587
468 852
377 981
125 473
269 624
679 797
383 431
546 831
131 90
539 581
605 772
645 826
18 526
516 982
631 815
192 351
136 591
12 920
47 504
371 878
309 343
3 309
190 318
115 256
167 206
234 455
265 906
130 783
210 410
589 825
383 949
528 583
209 982
20 27
503 91
17 730
81 837
262 799
929 951
236 243
106 445
181 457
768 905
280 460
449 932
294 345
82 496
768 785
57 468
32 354
305 702
306 943
109 499
96 361
925 834
446 528
548 718
408 686
560 998
235 524
916 995
559 690
477 814
149 422
111 291
209 443
439 936
230 758
322 919
301 671
671 618
490 556
383 611
308 983
251 786
327 553
752 991
659 670
49 987
948 981
46 63
358 454
318 470
109 398
356 485
378 518
53 386
136 163
17 272
54 186
177 220
582 644
197 787
566 858
161 169
299 485
79 945
176 846
327 609
68 416
127 368
2 258
432 620
799 996
197 972
544 644
90 842
446 489
385 931
210 723
344 152
73 827
553 888
664 751
303 961
670 984
164 408
244 850
373 768
219 347
575 857
247 794
15 851
299 351
526 847
863 969
21 420
787 902
114 413
273 862
832 906
400 523
19 953
187 837
87 155
102 410
31 68
197 753
640 854
70 118
276 507
509 83
430 452
649 692
297 383
263 426
3 691
56 576
683 828
288 587
665 985
691 851
80 363
120 420
529 780
536 786
729 963
948 494
572 926
60 430
391 610
464 981
592 621
6 947
92 117
146 990
35 827
570 648
334 487
445 652
180 515
214 730
438 686
265 457
24 555
809 900
345 355
287 358
417 140
208 370
563 6
447 500
90 176
520 754
94 733
93 830
587 975
486 534
969 981
82 977
679 833
254 702
85 546
312 322
313 921
526 675
134 696
291 587
78 447
305 351
499 984
136 502
749 788
584 969
815 947
279 851
158 495
80 422
105 295
384 476
72 410
234 843
408 657
299 339
18 414
276 320
485 297
388 988
297 378
206 693
498 710
163 422
558 882
633 679
117 278
296 711
405 479
364 416
172 686
75 375
488 586
228 372
56 333
292 531
435 874
189 904
490 544
52 609
78 830
731 901
396 967
206 870
989 904
307 452
234 555
64 73
73 390
368 714
699 692
80 290
491 936
261 872
113 627
411 592
172 598
335 944
608 804
146 148
334 432
120 174
97 1000
54 771
234 850
321 585
664 844
161 497
61 561
55 830
42 489
797 990
670 136
548 953
332 923
421 472
334 645
274 793
307 394
183 737
235 276
53 87
126 680
235 963
142 375
156 608
107 654
375 403
905 960
64 214
10 431
581 764
262 294
92 197
985 986
10 570
114 767
107 848
135 599
70 398
45 980
619 659
130 830
8 489
418 517
196 738
8 251
410 692
543 716
388 663
178 372
310 564
420 642
360 531
34 665
59 510
339 664
21 250
843 964
147 876
2 21
290 627
75 304
635 885
826 417
405 659
357 456
494 137
744 758
472 539
101 863
127 219
917 990
257 928
753 995
54 503
320 494
103 801
483 996
709 962
57 73
72 327
273 548
552 713
262 507
409 410
342 716
949 955
318 414
77 519
242 315
510 819
558 971
61 534
310 498
665 694
317 480
198 896
489 491
260 788
445 911
391 434
313 595
241 964
192 702
255 592
64 354
272 318
524 960
755 799
367 654
114 225
373 349
6 363
22 619
63 64
354 716
73 542
557 980
926 929
501 921
340 938
33 409
493 888
54 937
58 564
449 615
16 25
263 923
59 116
360 793
18 509
187 768
340 812
325 543
303 894
291 693
702 895
120 891
23 374
711 740
335 616
661 860
344 443
167 750
369 790
377 756
464 812
618 885
113 589
460 904
491 654
469 967
462 779
436 524
477 669
89 865
431 590
687 941
125 536
197 384
85 582
160 792
283 364
469 653
893 571
272 482
380 929
89 756
14 932
568 693
460 124
362 809
372 532
326 471
30 612
549 940
777 270
494 830
27 436
455 995
771 891
475 751
685 763
88 917
189 354
280 348
53 858
384 653
768 818
841 900
1 359
732 778
627 873
637 791
440 833
403 861
115 352
229 403
262 617
309 670
366 994
146 950
123 191
2 196
341 687
165 572
761 930
856 735
166 200
356 463
788 919
165 221
790 919
32 973
431 531
156 909
234 639
296 550
305 688
883 997
725 799
472 554
229 821
156 896
573 855
812 928
494 691
598 645
285 949
423 788
723 752
116 242
436 459
61 537
756 787
778 881
698 827
559 980
26 756
61 898
3 343
454 844
876 956
489 750
242 981
426 703
134 323
623 645
331 372
157 429
772 955
361 518
4 174
296 803
549 675
516 939
245 617
390 901
650 952
312 886
88 947
436 883
380 398
652 627
424 960
249 339
131 673
725 762
605 920
572 922
427 654
79 80
116 175
339 952
236 414
580 835
223 549
38 670
45 301
21 540
463 478
60 911
271 955
695 720
602 611
130 952
445 871
185 189
86 319
72 746
387 794
2 639
289 512
481 682
181 809
61 953
794 878
620 960
553 947
335 502
633 814
126 319
295 343
631 741
259 679
201 970
185 538
78 277
521 908
586 828
15 324
164 360
168 254
235 714
664 936
278 366
577 945
243 981
528 852
334 565
13 284
2 78
497 574
266 366
663 734
187 225
320 876
24 682
62 370
210 818
269 387
413 628
118 803
58 470
129 486
33 89
125 776
520 791
618 730
899 971
897 999
456 864
356 611
472 839
180 920
117 264
190 169
262 478
661 865
657 919
268 817
702 939
785 828
379 830
300 1000
616 746
185 556
276 487
656 143
137 959
914 989
376 398
520 619
172 793
805 893
15 909
785 845
899 999
694 955
758 939
698 954
213 812
174 246
393 981
146 934
600 834
593 659
170 655
283 411
53 956
10 458
202 552
333 772
779 954
102 745
167 683
176 898
328 893
84 229
355 638
56 541
295 595
235 411
188 590
201 193
599 551
169 224
218 609
463 804
167 480
942 608
46 548
224 616
79 278
797 921
29 947
207 973
294 690
84 776
172 753
4 966
484 625
152 854
33 927
474 558
136 783
187 952
675 999
119 863
711 786
177 995
140 676
452 907
39 938
175 466
2 722
134 482
222 761
769 781
78 659
208 965
190 728
19 559
16 894
65 448
951 962
185 672
23 763
371 495
120 426
254 995
441 675
546 695
242 951
85 507
46 977
112 477
15 269
355 663
752 930
782 855
265 523
195 335
352 864
394 513
530 683
567 686
677 779
196 353
245 794
733 899
448 766
418 610
229 953
815 883
62 513
304 332
665 883
318 987
315 695
109 849
172 914
239 679
416 871
186 573
26 130
587 660
411 522
48 875
283 801
555 815
342 769
194 672
214 234
252 821
633 677
63 255
18 783
508 587
571 933
246 759
86 943
33 105
499 906
707 994
333 568
971 973
132 845
646 784
925 957
408 896
271 400
352 628
601 832
330 421
372 516
215 695
10 263
115 147
84 818
424 508
641 843
143 821
852 911
187 218
309 761
107 363
134 742
71 643
390 737
404 814
550 963
30 938
474 559
554 597
628 871
401 816
276 450
131 218
657 803
303 713
115 261
209 280
963 970
123 872
234 712
708 947
252 686
69 702
593 700
582 950
387 633
536 685
683 953
260 591
282 556
35 808
86 682
238 794
643 957
431 649
851 857
377 807
378 408
278 685
128 201
407 622
829 415
78 468
914 933
887 990
115 438
15 209
248 476
60 255
271 973
131 370
516 740
101 642
749 899
28 958
302 319
256 808
483 790
12 93
102 825
207 521
870 70
58 259
109 984
802 871
613 804
338 986
190 700
338 677
70 806
503 951
421 861
5 811
261 540
92 675
7 952
225 329
480 611
152 958
391 757
891 980
821 936
143 568
76 284
708 804
765 788
604 783
240 378
351 870
413 671
683 994
961 953
8 73
446 390
99 993
71 321
644 958
36 262
346 447
472 510
564 867
423 832
306 806
614 757
902 381
836 951
18 127
165 784
163 564
523 671
345 610
186 780
419 493
362 709
145 640
53 999
65 146
80 528
539 794
930 940
556 639
759 863
35 543
200 292
201 507
42 106
703 937
579 622
80 527
940 213
78 525
271 946
942 971
162 788
86 533
847 893
135 710
280 376
310 819
99 981
36 851
397 521
586 721
828 845
105 277
310 575
595 738
186 255
127 146
282 906
490 575
195 640
376 419
698 746
282 519
491 597
156 508
145 456
274 925
291 991
507 566
768 788
403 450
193 977
855 911
97 121
277 410
118 208
418 575
41 628
679 996
446 542
776 814
182 316
154 202
723 926
106 348
381 706
150 776
180 198
256 550
197 621
523 563
448 520
351 779
427 684
532 545
14 729
527 940
250 269
196 299
803 902
581 787
77 783
107 547
375 601
158 380
297 598
736 916
378 888
402 919
318 631
392 706
210 829
800 998
281 614
516 775
16 547
73 247
250 438
197 184
474 740
862 986
83 457
456 546
681 4
386 413
809 950
88 539
877 939
164 711
52 179
257 737
555 606
60 901
383 418
342 654
341 868
131 562
790 859
394 899
240 416
66 716
853 904
272 913
800 913
185 758
859 938
489 682
814 894
338 736
236 951
253 718
334 744
360 709
591 978
237 837
776 325
346 959
197 834
280 796
432 893
264 796
157 491
217 274
405 658
554 922
281 647
157 285
489 968
57 697
407 982
280 542
222 373
706 871
210 710
15 563
682 740
278 814
849 183
616 773
386 1000
191 683
119 749
480 515
147 314
777 947
20 116
402 621
102 722
518 835
475 794
499 710
18 282
542 588
164 338
510 763
314 399
219 967
255 666
711 804
547 694
232 288
899 975
561 157
447 984
675 787
725 812
130 285
438 519
597 902
416 835
375 550
701 796
417 687
81 771
165 205
465 794
372 495
223 224
408 711
433 634
773 791
665 767
391 652
32 792
966 972
923 194
291 544
219 860
134 542
412 464
365 523
232 527
5 457
167 207
309 477
149 276
586 878
51 370
157 869
358 411
321 711
669 716
381 712
244 963
447 483
352 634
712 952
242 509
260 357
29 34
297 611
322 676
445 678
323 659
116 400
800 856
141 315
50 758
308 480
326 440
258 757
29 208
228 449
762 900
75 434
355 704
602 605
109 517
548 773
797 934
900 431
232 403
400 822
877 771
317 535
58 922
421 975
106 447
70 492
56 295
193 805
519 694
223 469
106 795
37 515
386 534
407 867
35 884
598 767
428 797
45 977
263 520
144 641
55 106
597 209
567 966
39 420
692 930
379 435
89 124
178 593
381 887
55 101
566 802
578 476
488 705
269 896
478 854
100 609
652 812
8 979
154 810
337 720
844 905
119 477
311 719
908 961
233 478
672 702
75 635
129 494
666 751
259 612
138 338
140 918
57 811
240 769
318 574
224 278
545 822
35 207
481 589
486 808
854 921
105 167
384 751
80 301
552 728
452 559
234 237
189 955
409 766
368 657
433 805
312 343
141 700
17 764
154 250
697 799
37 230
256 941
204 214
26 377
250 986
566 733
697 804
100 618
711 821
101 246
200 806
309 352
152 437
307 989
303 351
382 263
298 657
24 483
378 680
721 748
392 420
294 449
105 904
222 733
1 913
43 512
39 870
573 729
382 421
94 203
29 85
233 471
181 696
63 759
524 333
336 491
47 281
166 507
127 386
565 899
21 892
379 849
37 174
364 791
562 203
416 839
209 979
570 785
23 982
508 533
175 645
821 959
226 577
348 488
181 559
291 596
602 889
276 977
105 249
337 989
159 989
30 557
434 575
81 98
445 556
211 399
43 520
599 686
672 863
553 885
184 895
263 910
310 485
323 611
351 841
214 969
604 195
247 855
720 725
646 200
236 430
442 910
220 59
221 982
475 665
419 432
433 466
103 412
199 939
335 949
722 880
173 375
303 941
208 230
412 430
516 734
387 630
100 996
4 692
67 197
475 262
372 979
345 668
55 566
461 571
685 923
341 598
509 922
238 390
733 759
484 491
302 723
58 839
250 970
560 833
440 979
417 787
267 300
468 511
357 949
29 346
307 952
165 676
159 926
773 601
285 569
5 311
366 628
456 750
104 650
344 761
16 184
243 804
599 763
841 856
109 853
704 372
249 280
904 695
102 858
120 720
7 818
635 717
31 446
50 152
385 602
555 563
620 704
400 426
530 703
225 287
336 379
118 983
461 724
388 778
1 340
412 949
71 652
470 513
22 736
53 904
495 742
89 565
243 288
82 394
304 292
400 646
560 677
127 691
300 998
66 227
21 302
600 800
853 768
42 481
574 492
210 405
1 278
62 757
441 887
410 755
229 848
746 849
143 508
432 567
599 814
1 371
114 606
214 478
60 694
202 459
314 518
493 530
56 806
84 517
13 709
344 464
135 468
1 228
16 526
326 611
337 491
384 841
84 883
502 958
564 965
86 359
144 300
668 825
10 424
211 966
285 861
396 642
41 94
313 542
121 899
299 388
524 731
948 971
519 350
107 224
130 674
124 313
541 198
86 421
27 890
283 680
436 846
991 640
340 760
98 817
503 909
175 787
389 781
163 882
224 317
196 573
253 674
125 995
217 886
544 947
615 888
382 956
782 878
110 309
91 670
579 978
665 780
774 847
16 920
958 962
205 873
234 541
164 417
325 829
75 442
286 561
370 986
634 931
266 734
320 636
896 899
664 701
338 826
587 805
460 560
145 445
57 646
138 580
181 441
186 917
943 957
229 612
653 808
650 847
305 586
642 808
231 973
869 271
246 854
624 790
308 434
17 322
74 231
101 641
153 297
501 597
446 714
765 911
107 805
847 904
29 458
44 315
