129
1 0
2 0
3 2
4 3
5 4
6 2
6 3
6 4
8 7
9 8
10 0
10 2
10 3
10 6
10 9
11 0
11 3
11 6
11 10
12 0
12 2
12 3
12 6
12 11
13 0
13 6
13 10
13 11
14 2
14 3
14 6
14 10
14 12
14 13
15 0
15 10
15 11
15 12
15 13
16 3
17 0
17 6
17 10
17 11
17 12
17 13
17 14
17 15
18 11
18 13
18 14
18 15
19 0
19 2
19 3
19 6
19 10
19 11
19 12
19 14
19 15
19 17
20 0
20 6
20 10
20 11
20 13
20 14
20 15
20 17
20 18
21 10
21 11
21 13
21 15
21 18
21 20
22 2
22 3
22 6
22 10
22 11
22 13
22 14
22 17
22 19
22 21
23 0
23 6
23 11
23 12
23 15
23 17
23 19
24 2
24 3
24 6
24 10
24 11
24 12
24 14
24 15
24 19
24 22
25 2
25 3
25 4
25 6
25 10
25 14
25 17
25 19
25 20
25 22
25 24
26 0
26 2
26 3
26 6
26 10
26 11
26 12
26 13
26 14
26 15
26 17
26 19
26 20
26 21
26 22
26 23
26 24
26 25
27 0
27 6
27 11
27 12
27 15
27 17
27 19
27 22
27 23
27 25
27 26
28 10
28 12
28 17
28 19
28 22
28 23
28 24
28 25
28 26
28 27
29 10
29 11
29 15
29 23
30 3
30 4
30 6
30 26
30 29
31 2
31 4
31 6
31 14
31 15
31 17
31 22
31 26
31 30
32 2
32 3
32 14
33 6
33 11
33 12
33 15
33 23
33 26
34 0
34 2
34 3
34 6
34 10
34 11
34 12
34 14
34 15
34 19
34 22
34 24
34 25
34 26
34 27
35 0
35 2
35 3
35 6
35 10
35 11
35 12
35 14
35 15
35 17
35 18
35 19
35 20
35 22
35 23
35 24
35 26
35 27
35 28
35 31
35 33
35 34
36 2
36 6
36 10
36 14
36 17
36 22
36 24
36 25
36 26
36 29
36 34
36 35
37 2
37 6
37 10
37 13
37 14
37 17
37 19
37 20
37 21
37 22
37 24
37 25
37 26
37 27
37 29
37 31
37 34
37 35
37 36
38 0
38 3
38 6
38 10
38 11
38 12
38 13
38 14
38 15
38 17
38 18
38 19
38 20
38 21
38 22
38 23
38 24
38 26
38 27
38 28
38 29
38 33
38 34
38 35
38 37
39 2
39 3
39 6
39 10
39 11
39 12
39 13
39 14
39 17
39 22
39 24
39 25
39 26
39 31
39 34
39 35
39 36
39 37
39 38
40 4
40 31
41 0
41 3
41 4
41 11
41 12
41 13
41 14
41 15
41 17
41 18
41 19
41 20
41 22
41 23
41 24
41 25
41 26
41 27
41 28
41 31
41 33
41 35
41 36
41 37
41 38
41 39
41 40
42 2
42 3
42 6
42 10
42 13
42 14
42 17
42 19
42 20
42 22
42 23
42 24
42 25
42 26
42 28
42 29
42 33
42 35
42 36
42 37
42 38
42 39
42 41
44 0
44 3
44 6
44 11
44 12
44 15
44 19
44 22
44 23
44 26
44 27
44 33
44 35
44 38
44 43
45 0
45 2
45 3
45 4
45 6
45 11
45 14
45 15
45 17
45 19
45 22
45 23
45 24
45 25
45 26
45 27
45 28
45 29
45 30
45 31
45 33
45 34
45 35
45 37
45 38
45 39
45 41
45 42
45 44
47 0
47 14
47 23
47 25
47 46
48 0
48 15
48 17
48 19
48 23
48 26
48 27
48 28
48 35
48 38
48 39
48 41
48 42
48 47
49 9
49 10
49 13
49 18
49 38
50 0
50 2
50 3
50 6
50 10
50 12
50 14
50 17
50 20
50 22
50 23
50 24
50 25
50 26
50 28
50 33
50 34
50 35
50 36
50 37
50 39
50 42
50 44
50 48
51 29
52 0
52 4
52 11
52 12
52 14
52 15
52 17
52 19
52 22
52 23
52 24
52 26
52 27
52 28
52 29
52 30
52 31
52 33
52 34
52 35
52 36
52 37
52 38
52 39
52 41
52 44
52 45
52 51
53 3
53 14
54 2
54 3
54 6
54 10
54 14
54 17
54 19
54 20
54 22
54 24
54 25
54 26
54 28
54 32
54 34
54 35
54 36
54 37
54 38
54 39
54 41
54 42
54 45
54 50
54 52
55 0
55 2
55 6
55 10
55 11
55 12
55 14
55 15
55 17
55 19
55 23
55 24
55 25
55 26
55 27
55 28
55 31
55 33
55 34
55 35
55 37
55 38
55 41
55 43
55 44
55 45
55 48
55 52
56 11
56 13
56 15
56 18
56 20
56 21
56 26
56 37
56 38
56 39
57 0
57 10
57 11
57 12
57 13
57 15
57 17
57 19
57 20
57 22
57 23
57 26
57 27
57 34
57 35
57 36
57 37
57 38
57 39
57 41
57 42
57 44
57 45
57 48
57 50
57 55
57 56
58 0
58 2
58 3
58 6
58 9
58 10
58 11
58 12
58 13
58 15
58 17
58 18
58 19
58 20
58 21
58 22
58 23
58 24
58 26
58 27
58 28
58 33
58 34
58 35
58 36
58 37
58 38
58 39
58 41
58 42
58 44
58 45
58 47
58 48
58 49
58 50
58 52
58 54
58 55
58 57
59 22
59 58
60 0
60 6
60 10
60 11
60 13
60 15
60 17
60 18
60 20
60 22
60 24
60 26
60 36
60 37
60 38
60 39
60 41
60 42
60 57
60 58
61 22
61 39
62 0
62 6
62 10
62 11
62 13
62 15
62 18
62 20
62 21
62 22
62 24
62 26
62 38
62 39
62 42
62 60
63 0
63 3
63 6
63 10
63 11
63 12
63 13
63 15
63 17
63 18
63 19
63 20
63 23
63 24
63 25
63 26
63 27
63 28
63 31
63 33
63 34
63 35
63 38
63 39
63 41
63 42
63 44
63 45
63 48
63 50
63 52
63 55
63 57
63 58
63 60
63 62
64 22
64 33
65 0
65 2
65 11
65 12
65 13
65 15
65 17
65 19
65 20
65 22
65 23
65 26
65 27
65 28
65 33
65 34
65 35
65 36
65 37
65 38
65 39
65 41
65 42
65 44
65 45
65 48
65 52
65 55
65 58
65 63
66 65
67 7
67 8
68 22
68 39
68 57
68 67
69 3
69 34
69 35
70 51
71 34
71 35
71 51
71 56
71 69
71 70
72 34
72 69
72 71
73 4
73 6
73 25
73 40
73 41
73 52
73 54
74 69
74 73
75 2
75 22
76 22
77 2
77 3
77 6
77 14
77 22
77 39
77 50
78 14
78 22
78 58
78 76
78 77
79 0
79 2
79 6
79 10
79 11
79 12
79 13
79 15
79 17
79 18
79 20
79 21
79 23
79 25
79 26
79 27
79 33
79 35
79 36
79 37
79 38
79 39
79 44
79 48
79 52
79 55
79 57
79 60
79 62
80 22
80 79
81 22
82 0
82 10
82 11
82 13
82 15
82 17
82 22
82 23
82 26
82 27
82 34
82 35
82 38
82 41
82 44
82 48
82 50
82 52
82 55
82 57
82 63
83 2
83 39
84 22
85 2
85 3
85 6
85 14
85 22
85 39
85 50
85 84
86 2
86 6
86 39
86 63
87 22
87 39
88 22
88 39
89 22
89 58
90 22
90 24
91 22
92 6
92 22
92 91
93 22
93 54
94 22
94 54
95 3
95 22
96 0
96 11
96 12
96 13
96 15
96 18
96 20
96 23
96 26
96 27
96 28
96 35
96 37
96 38
96 44
96 45
96 48
96 52
96 55
96 60
96 62
96 63
97 15
97 22
97 23
97 96
98 3
98 22
98 28
98 52
98 55
98 58
98 63
99 22
99 98
100 13
100 15
100 18
100 20
100 21
100 22
100 26
100 38
100 58
100 96
101 58
102 3
102 14
102 22
102 39
102 50
102 101
103 22
103 58
103 71
104 103
105 10
105 22
105 34
105 49
105 56
105 71
105 72
106 34
106 51
106 69
106 71
106 72
107 34
107 103
107 106
108 63
108 71
108 103
108 107
109 2
109 22
110 22
111 22
111 31
111 39
111 98
111 102
111 110
112 12
112 22
112 24
113 22
113 50
114 10
114 22
114 39
114 63
115 22
115 26
116 2
116 14
116 22
117 98
118 3
118 22
119 22
119 58
120 22
120 58
121 2
121 3
121 22
121 50
121 84
122 0
122 11
122 13
122 15
122 22
122 23
122 41
122 50
122 55
123 22
123 77
124 98
125 22
125 111
126 10
126 11
126 15
126 18
126 22
126 38
126 39
126 57
126 60
126 63
127 3
127 4
127 6
127 10
127 13
127 14
127 16
127 17
127 18
127 20
127 21
127 22
127 25
127 26
127 30
127 36
127 37
127 38
127 39
127 41
127 42
127 49
127 50
127 56
127 57
127 58
127 60
127 62
127 63
730 24
