1 0
2 0
3 2
4 3
5 4
6 2
6 3
6 4
8 7
9 8
10 0
10 2
10 3
10 6
10 9
11 0
11 3
11 6
11 10
12 0
12 2
12 3
12 6
12 11
13 0
13 6
13 10
13 11
14 2
14 3
14 6
14 10
14 12
14 13
15 0
15 10
15 11
15 12
15 13
16 3
17 0
17 6
17 10
17 11
17 12
17 13
17 14
17 15
18 11
18 13
18 14
18 15
19 0
19 2
19 3
19 6
19 10
19 11
19 12
19 14
19 15
19 17
20 0
20 6
20 10
20 11
20 13
20 14
20 15
20 17
20 18
21 10
21 11
21 13
21 15
21 18
21 20
22 2
22 3
22 6
22 10
22 11
22 13
22 14
22 17
22 19
22 21
23 0
23 6
23 11
23 12
23 15
23 17
23 19
24 2
24 3
24 6
24 10
24 11
24 12
24 14
24 15
24 19
24 22
25 2
25 3
25 4
25 6
25 10
25 14
25 17
25 19
25 20
25 22
25 24
26 0
26 2
26 3
26 6
26 10
26 11
26 12
26 13
26 14
26 15
26 17
26 19
26 20
26 21
26 22
26 23
26 24
26 25
27 0
27 6
27 11
27 12
27 15
27 17
27 19
27 22
27 23
27 25
27 26
28 10
28 12
28 17
28 19
28 22
28 23
28 24
28 25
28 26
28 27
29 10
29 11
29 15
29 23
30 3
30 4
30 6
30 26
30 29
31 2
31 4
31 6
31 14
31 15
31 17
31 22
31 26
31 30
32 2
32 3
32 14
33 6
33 11
33 12
33 15
33 23
33 26
34 0
34 2
34 3
34 6
34 10
34 11
34 12
34 14
34 15
34 19
34 22
34 24
34 25
34 26
34 27
35 0
35 2
35 3
35 6
35 10
35 11
35 12
35 14
35 15
35 17
35 18
35 19
35 20
35 22
35 23
35 24
35 26
35 27
35 28
35 31
35 33
35 34
36 2
36 6
36 10
36 14
36 17
36 22
36 24
36 25
36 26
36 29
36 34
36 35
37 2
37 6
37 10
37 13
37 14
37 17
37 19
37 20
37 21
37 22
37 24
37 25
37 26
37 27
37 29
37 31
37 34
37 35
37 36
38 0
38 3
38 6
38 10
38 11
38 12
38 13
38 14
38 15
38 17
38 18
38 19
38 20
38 21
38 22
38 23
38 24
38 26
38 27
38 28
38 29
38 33
38 34
38 35
38 37
39 2
39 3
39 6
39 10
39 11
39 12
39 13
39 14
39 17
39 22
39 24
39 25
39 26
39 31
39 34
39 35
39 36
39 37
39 38
40 4
40 31
41 0
41 3
41 4
41 11
41 12
41 13
41 14
41 15
41 17
41 18
41 19
41 20
41 22
41 23
41 24
41 25
41 26
41 27
41 28
41 31
41 33
41 35
41 36
41 37
41 38
41 39
41 40
42 2
42 3
42 6
42 10
42 13
42 14
42 17
42 19
42 20
42 22
42 23
42 24
42 25
42 26
42 28
42 29
42 33
42 35
42 36
42 37
42 38
42 39
42 41
44 0
44 3
44 6
44 11
44 12
44 15
44 19
44 22
44 23
44 26
44 27
44 33
44 35
44 38
44 43
45 0
45 2
45 3
45 4
45 6
45 11
45 14
45 15
45 17
45 19
45 22
45 23
45 24
45 25
45 26
45 27
45 28
45 29
45 30
45 31
45 33
45 34
45 35
45 37
45 38
45 39
45 41
45 42
45 44
47 0
47 14
47 23
47 25
47 46
48 0
48 15
48 17
48 19
48 23
48 26
48 27
48 28
48 35
48 38
48 39
48 41
48 42
48 47
49 9
49 10
49 13
49 18
49 38
50 0
50 2
50 3
50 6
50 10
50 12
50 14
50 17
50 20
50 22
50 23
50 24
50 25
50 26
50 28
50 33
50 34
50 35
50 36
50 37
50 39
50 42
50 44
50 48
51 29
52 0
52 4
52 11
52 12
52 14
52 15
52 17
52 19
52 22
52 23
52 24
52 26
52 27
52 28
52 29
52 30
52 31
52 33
52 34
52 35
52 36
52 37
52 38
52 39
52 41
52 44
52 45
52 51
53 3
53 14
54 2
54 3
54 6
54 10
54 14
54 17
54 19
54 20
54 22
54 24
54 25
54 26
54 28
54 32
54 34
54 35
54 36
54 37
54 38
54 39
54 41
54 42
54 45
54 50
54 52
55 0
55 2
55 6
55 10
55 11
55 12
55 14
55 15
55 17
55 19
55 23
55 24
55 25
55 26
55 27
55 28
55 31
55 33
55 34
55 35
55 37
55 38
55 41
55 43
55 44
55 45
55 48
55 52
56 11
56 13
56 15
56 18
56 20
56 21
56 26
56 37
56 38
56 39
57 0
57 10
57 11
57 12
57 13
57 15
57 17
57 19
57 20
57 22
57 23
57 26
57 27
57 34
57 35
57 36
57 37
57 38
57 39
57 41
57 42
57 44
57 45
57 48
57 50
57 55
57 56
58 0
58 2
58 3
58 6
58 9
58 10
58 11
58 12
58 13
58 15
58 17
58 18
58 19
58 20
58 21
58 22
58 23
58 24
58 26
58 27
58 28
58 33
58 34
58 35
58 36
58 37
58 38
58 39
58 41
58 42
58 44
58 45
58 47
58 48
58 49
58 50
58 52
58 54
58 55
58 57
59 22
59 58
60 0
60 6
60 10
60 11
60 13
60 15
60 17
60 18
60 20
60 22
60 24
60 26
60 36
60 37
60 38
60 39
60 41
60 42
60 57
60 58
61 22
61 39
62 0
62 6
62 10
62 11
62 13
62 15
62 18
62 20
62 21
62 22
62 24
62 26
62 38
62 39
62 42
62 60
63 0
63 3
63 6
63 10
63 11
63 12
63 13
63 15
63 17
63 18
63 19
63 20
63 23
63 24
63 25
63 26
63 27
63 28
63 31
63 33
63 34
63 35
63 38
63 39
63 41
63 42
63 44
63 45
63 48
63 50
63 52
63 55
63 57
63 58
63 60
63 62
64 22
64 33
65 0
65 2
65 11
65 12
65 13
65 15
65 17
65 19
65 20
65 22
65 23
65 26
65 27
65 28
65 33
65 34
65 35
65 36
65 37
65 38
65 39
65 41
65 42
65 44
65 45
65 48
65 52
65 55
65 58
65 63
66 65
67 7
67 8
68 22
68 39
68 57
68 67
69 3
69 34
69 35
70 51
71 34
71 35
71 51
71 56
71 69
71 70
72 34
72 69
72 71
73 4
73 6
73 25
73 40
73 41
73 52
73 54
74 69
74 73
75 2
75 22
76 22
77 2
77 3
77 6
77 14
77 22
77 39
77 50
78 14
78 22
78 58
78 76
78 77
79 0
79 2
79 6
79 10
79 11
79 12
79 13
79 15
79 17
79 18
79 20
79 21
79 23
79 25
79 26
79 27
79 33
79 35
79 36
79 37
79 38
79 39
79 44
79 48
79 52
79 55
79 57
79 60
79 62
80 22
80 79
81 22
82 0
82 10
82 11
82 13
82 15
82 17
82 22
82 23
82 26
82 27
82 34
82 35
82 38
82 41
82 44
82 48
82 50
82 52
82 55
82 57
82 63
83 2
83 39
84 22
85 2
85 3
85 6
85 14
85 22
85 39
85 50
85 84
86 2
86 6
86 39
86 63
87 22
87 39
88 22
88 39
89 22
89 58
90 22
90 24
91 22
92 6
92 22
92 91
93 22
93 54
94 22
94 54
95 3
95 22
96 0
96 11
96 12
96 13
96 15
96 18
96 20
96 23
96 26
96 27
96 28
96 35
96 37
96 38
96 44
96 45
96 48
96 52
96 55
96 60
96 62
96 63
97 15
97 22
97 23
97 96
98 3
98 22
98 28
98 52
98 55
98 58
98 63
99 22
99 98
100 13
100 15
100 18
100 20
100 21
100 22
100 26
100 38
100 58
100 96
101 58
102 3
102 14
102 22
102 39
102 50
102 101
103 22
103 58
103 71
104 103
105 10
105 22
105 34
105 49
105 56
105 71
105 72
106 34
106 51
106 69
106 71
106 72
107 34
107 103
107 106
108 63
108 71
108 103
108 107
109 2
109 22
110 22
111 22
111 31
111 39
111 98
111 102
111 110
112 12
112 22
112 24
113 22
113 50
114 10
114 22
114 39
114 63
115 22
115 26
116 2
116 14
116 22
117 98
118 3
118 22
119 22
119 58
120 22
120 58
121 2
121 3
121 22
121 50
121 84
122 0
122 11
122 13
122 15
122 22
122 23
122 41
122 50
122 55
123 22
123 77
124 98
125 22
125 111
126 10
126 11
126 15
126 18
126 22
126 38
126 39
126 57
126 60
126 63
127 3
127 4
127 6
127 10
127 13
127 14
127 16
127 17
127 18
127 20
127 21
127 22
127 25
127 26
127 30
127 36
127 37
127 38
127 39
127 41
127 42
127 49
127 50
127 56
127 57
127 58
127 60
127 62
127 63
127 68
128 2
128 6
128 10
128 13
128 14
128 17
128 19
128 20
128 21
128 22
128 23
128 24
128 25
128 26
128 28
128 34
128 35
128 36
128 37
128 38
128 39
128 41
128 42
128 45
128 50
128 52
128 54
128 55
128 57
128 60
128 79
128 122
128 126
128 127
129 22
129 54
130 22
131 22
131 55
132 22
133 22
133 58
134 54
135 22
135 134
136 2
136 22
136 50
137 22
137 58
137 136
138 22
138 26
139 3
139 14
139 15
139 38
139 41
139 50
139 55
139 63
140 22
140 139
141 22
141 58
142 10
142 20
142 22
142 38
142 39
142 105
142 128
143 7
143 68
144 2
144 14
145 2
145 50
146 2
146 3
146 54
147 2
147 3
148 2
148 3
149 54
149 58
150 27
150 71
150 149
151 2
151 39
152 2
152 14
153 2
153 3
154 2
154 3
155 2
156 2
156 3
156 6
156 14
156 39
156 50
156 155
157 0
157 2
157 10
157 11
157 12
157 13
157 14
157 15
157 17
157 18
157 19
157 20
157 22
157 23
157 24
157 25
157 26
157 27
157 28
157 34
157 35
157 36
157 37
157 38
157 39
157 41
157 42
157 45
157 48
157 52
157 54
157 55
157 62
157 63
157 116
158 157
159 2
159 22
159 24
159 39
159 98
159 158
160 2
160 15
160 22
160 63
160 79
160 98
161 160
162 2
162 54
163 2
163 39
164 2
164 22
165 2
165 14
165 22
165 54
165 96
165 98
166 2
166 77
167 2
167 55
168 2
168 14
169 2
169 14
170 2
171 2
172 2
172 14
173 34
173 69
173 71
173 72
173 106
174 172
174 173
175 2
176 2
176 157
177 2
177 156
178 6
178 7
178 10
178 67
179 9
179 11
179 13
179 15
179 18
179 20
179 21
179 22
179 23
179 26
179 37
179 38
179 60
179 63
179 127
179 143
179 178
180 2
180 14
181 2
181 3
182 2
183 2
184 2
184 3
184 14
184 22
184 50
184 183
185 2
185 3
186 0
186 6
186 11
186 12
186 15
186 17
186 19
186 22
186 23
186 25
186 26
186 27
186 28
186 33
186 35
186 38
186 45
186 48
186 52
186 55
186 57
186 160
187 54
187 55
187 160
188 0
188 3
188 10
188 11
188 13
188 15
188 17
188 19
188 22
188 23
188 24
188 25
188 26
188 27
188 28
188 34
188 35
188 37
188 38
188 41
188 44
188 48
188 50
188 52
188 55
188 63
188 98
189 2
189 188
190 2
190 160
191 14
192 2
192 55
193 2
193 3
194 2
194 39
195 2
195 22
195 39
196 160
196 193
197 14
197 27
197 193
198 2
198 54
198 55
198 77
199 2
199 157
200 2
200 14
201 19
201 22
202 2
202 201
203 2
204 2
204 54
205 2
205 3
205 6
205 14
205 22
205 50
205 84
206 2
206 205
207 2
207 22
208 2
208 24
209 2
209 54
209 58
210 2
210 3
210 6
210 14
210 41
210 127
210 157
211 2
211 3
212 6
212 22
213 2
213 3
213 14
213 39
213 54
213 85
213 98
214 2
214 3
214 54
215 2
215 3
216 2
217 2
218 0
218 2
218 6
218 11
218 12
218 15
218 17
218 19
218 22
218 23
218 25
218 26
218 27
218 28
218 33
218 35
218 38
218 41
218 44
218 48
218 52
218 55
218 57
218 186
219 218
220 2
220 219
221 2
221 61
222 2
222 58
223 3
223 26
223 58
224 2
224 223
225 2
226 2
226 24
227 2
228 14
228 55
228 73
229 73
229 227
229 228
230 2
231 2
232 2
232 50
233 2
234 14
234 58
234 98
234 102
234 233
235 0
235 3
235 15
235 17
235 19
235 22
235 26
235 35
235 41
235 48
235 55
235 58
235 63
236 235
237 236
238 17
238 50
238 58
239 238
240 22
240 97
240 98
240 238
241 2
241 14
242 2
243 2
244 2
244 55
245 58
246 2
246 50
246 54
247 2
247 54
248 2
248 14
249 2
249 22
250 3
251 2
251 3
252 2
252 54
253 2
253 3
254 2
255 2
255 3
256 2
257 2
258 2
258 14
258 26
258 127
259 2
259 3
260 2
260 3
260 14
261 2
262 2
262 3
263 2
263 14
264 2
265 2
266 2
267 2
267 157
268 2
269 2
269 157
270 2
270 14
271 2
271 3
271 14
271 170
271 270
272 2
272 3
272 24
273 2
273 14
274 2
275 2
275 27
276 2
277 2
277 3
278 2
278 14
279 2
279 3
279 14
280 2
280 14
281 2
282 3
282 39
282 98
282 281
283 2
283 54
284 3
284 6
284 22
284 25
284 39
284 50
284 240
285 284
286 2
286 3
286 6
286 14
286 22
286 39
286 50
287 2
287 286
288 235
289 2
289 288
290 2
290 3
290 14
290 55
291 2
292 2
293 22
293 23
294 2
294 24
294 293
295 0
295 11
295 13
295 14
295 15
295 18
295 22
295 24
295 26
295 38
295 58
295 60
295 62
295 63
295 68
295 96
295 127
295 178
296 2
297 2
297 3
297 54
298 2
298 3
299 298
300 2
300 22
301 77
301 300
302 2
303 58
304 22
304 55
305 2
305 157
306 2
306 157
307 2
308 14
308 307
309 2
310 2
310 26
310 33
310 35
310 39
310 55
310 58
310 63
310 309
311 12
311 14
311 19
311 23
311 33
311 35
311 43
311 55
311 63
312 2
312 311
313 3
313 14
313 50
313 312
314 2
315 2
315 3
315 58
316 2
316 160
317 2
318 2
318 3
319 2
319 111
320 2
321 2
322 2
322 3
323 2
324 2
325 3
325 14
325 98
325 324
326 22
326 25
326 55
327 2
327 326
328 2
328 54
329 2
329 19
329 157
330 2
330 3
331 2
332 3
332 15
332 17
332 25
332 26
332 28
332 35
332 54
332 55
332 58
332 63
332 331
333 2
334 2
334 157
335 2
336 2
336 3
336 14
336 44
337 2
337 55
338 22
338 26
339 2
339 338
340 2
340 157
341 2
341 157
342 2
342 3
343 22
343 218
344 2
344 3
344 343
345 39
345 343
346 2
346 54
347 2
347 14
348 2
348 3
349 2
349 22
350 2
350 14
351 2
351 12
352 2
352 54
353 2
353 3
353 14
354 0
354 6
354 10
354 11
354 12
354 13
354 15
354 17
354 19
354 23
354 24
354 26
354 27
354 33
354 34
354 35
354 38
354 44
354 45
354 48
354 50
354 52
354 55
354 63
355 2
355 14
355 55
355 354
356 3
356 355
357 2
357 3
358 55
359 2
359 14
360 2
360 157
361 2
361 50
362 2
363 2
363 3
364 2
364 236
365 2
365 156
365 183
366 2
366 3
367 2
367 39
368 2
369 2
369 3
370 0
370 2
370 3
370 6
370 11
370 12
370 13
370 15
370 19
370 23
370 27
370 33
370 35
370 38
370 44
370 45
370 52
370 55
370 57
370 58
370 63
370 272
371 3
371 54
371 370
372 2
372 371
373 2
373 3
374 2
375 2
375 50
376 218
377 376
378 2
378 14
379 24
380 2
380 146
381 2
381 50
381 157
382 2
382 3
383 2
383 3
384 2
384 3
384 58
385 2
385 3
386 2
386 3
386 14
386 50
387 0
387 2
387 3
387 6
387 11
387 15
387 22
387 23
387 25
387 27
387 35
387 38
387 39
387 44
387 50
387 52
387 54
387 55
387 63
388 2
388 387
389 2
390 2
390 3
391 2
392 218
392 391
393 3
393 22
393 160
394 2
394 393
395 2
395 3
395 6
395 14
395 22
395 39
395 50
396 292
396 395
397 2
398 395
398 397
399 6
400 2
400 77
401 55
402 2
402 3
403 2
403 3
404 2
404 3
405 3
405 14
405 22
405 54
405 96
406 2
406 405
407 2
408 3
408 24
408 39
408 50
408 55
408 407
409 2
409 3
409 19
410 2
411 2
411 58
412 2
413 2
413 332
414 2
414 156
415 2
415 58
416 2
417 188
418 2
418 54
419 14
420 2
420 419
421 2
422 2
423 2
424 2
424 156
425 3
425 332
426 0
426 6
426 11
426 12
426 13
426 15
426 17
426 23
426 26
426 27
426 28
426 34
426 35
426 37
426 38
426 39
426 41
426 44
426 45
426 48
426 50
426 52
426 55
426 63
426 332
427 2
428 2
428 3
428 39
428 156
428 427
429 2
429 24
429 188
430 2
430 58
430 77
430 127
430 156
430 188
430 395
431 2
431 55
431 223
432 2
432 3
433 58
434 2
434 3
434 24
434 27
434 50
434 54
434 58
434 98
434 156
434 188
434 332
434 428
435 2
436 2
436 54
437 14
438 2
438 437
439 3
440 2
440 3
441 2
441 3
442 2
443 2
443 3
443 11
443 12
443 15
443 22
443 23
443 24
443 26
443 33
443 34
443 35
443 38
443 52
443 55
443 426
444 443
445 160
446 2
446 14
446 50
446 58
447 2
447 55
448 22
448 25
448 447
449 2
449 3
450 2
450 3
451 2
451 14
452 2
452 3
453 2
453 3
453 11
453 14
453 15
453 22
453 23
453 25
453 27
453 33
453 34
453 35
453 38
453 44
453 52
453 54
453 55
453 58
453 63
454 2
454 453
455 2
455 354
456 2
457 2
457 55
457 157
457 456
458 2
458 14
459 2
460 22
460 39
460 459
461 2
461 85
462 2
462 157
463 55
464 2
464 463
465 2
465 22
465 463
466 6
466 98
466 111
467 2
467 14
468 2
468 3
468 58
469 2
469 3
469 22
470 2
470 3
471 2
472 14
472 39
472 471
473 2
473 3
474 2
475 2
476 2
476 188
477 2
477 54
478 2
478 14
479 2
479 58
480 2
481 2
482 2
482 55
483 2
483 157
484 2
484 14
485 50
485 58
486 485
487 2
488 3
488 19
488 486
489 2
490 2
490 3
490 22
490 489
491 0
491 3
491 6
491 11
491 12
491 15
491 19
491 23
491 24
491 26
491 27
491 33
491 34
491 35
491 38
491 39
491 41
491 44
491 45
491 50
491 52
491 55
491 338
492 22
492 54
492 491
493 2
493 24
493 492
494 2
494 3
494 39
494 102
495 2
495 3
496 2
496 157
497 2
497 14
498 2
498 156
499 2
499 3
500 2
500 3
501 235
502 2
502 501
503 2
504 235
505 2
505 504
506 2
506 504
507 235
508 507
509 2
510 2
510 14
511 2
512 2
512 14
512 41
512 127
513 2
514 2
514 14
515 2
515 14
516 2
516 3
517 2
517 54
518 2
518 14
519 2
520 14
521 2
521 3
522 2
522 3
522 22
523 2
523 491
524 2
525 2
525 22
526 54
527 2
527 3
527 14
527 77
527 218
527 395
528 2
528 343
529 2
529 3
530 14
530 19
530 50
530 488
531 2
531 14
532 2
532 157
533 2
533 24
534 2
535 2
536 2
536 3
537 2
537 111
538 2
538 3
538 14
538 22
538 39
538 50
538 290
539 19
539 538
540 2
540 14
540 54
541 2
541 3
542 2
543 104
543 218
544 240
544 542
544 543
545 0
545 6
545 10
545 11
545 12
545 13
545 15
545 17
545 18
545 19
545 20
545 21
545 22
545 23
545 24
545 26
545 27
545 35
545 36
545 37
545 38
545 42
545 45
545 48
545 52
545 55
545 60
545 63
545 127
545 218
546 2
547 2
547 3
548 2
548 3
549 2
549 58
550 2
550 14
551 2
552 2
552 14
553 448
554 2
554 205
555 2
555 3
556 2
556 14
557 2
557 55
558 2
558 3
558 58
558 395
559 2
559 188
560 2
560 39
561 2
561 22
562 2
562 14
563 2
563 3
563 22
564 2
564 78
565 2
565 19
566 2
566 3
567 2
568 2
568 3
568 14
569 2
569 54
570 157
571 2
571 570
572 2
573 2
573 3
573 6
573 50
573 572
574 2
574 58
575 3
575 27
576 2
576 575
577 2
577 58
578 2
579 22
580 2
580 22
580 26
580 111
581 2
581 54
582 2
582 3
582 14
583 22
584 2
585 2
585 3
585 573
586 2
587 2
587 111
588 2
589 2
590 2
591 2
591 14
592 2
593 3
593 50
593 592
594 2
595 2
595 54
596 2
596 58
597 2
597 3
598 2
598 3
599 2
599 218
600 2
600 236
601 2
601 3
602 351
603 2
604 2
604 14
605 2
605 3
605 12
605 54
605 58
605 98
606 2
606 3
606 14
606 332
607 343
608 2
608 3
609 14
610 2
611 3
611 11
611 14
611 15
611 35
611 38
611 39
611 44
611 392
611 610
612 2
612 14
613 2
613 12
613 98
614 2
614 613
615 2
615 201
616 2
616 3
616 157
617 2
618 2
618 3
618 22
618 55
619 2
619 3
619 14
620 2
620 3
621 2
621 55
622 448
623 622
624 623
625 2
625 14
626 2
626 26
626 58
627 2
627 371
628 2
628 370
629 19
629 628
630 2
630 629
631 2
632 2
632 3
633 2
634 2
634 121
635 2
635 54
636 2
636 3
637 2
638 2
639 2
640 2
640 3
641 2
641 54
641 157
642 2
643 2
644 2
644 14
645 2
645 3
646 2
646 22
646 54
646 55
647 2
647 3
648 2
648 3
649 2
649 77
650 2
650 156
651 2
651 205
651 279
652 2
652 538
653 2
653 85
654 2
654 395
654 626
655 2
656 2
656 655
657 2
657 14
658 2
659 3
659 78
659 157
660 659
661 660
662 2
663 2
663 3
663 15
663 17
663 22
663 26
663 38
663 39
663 55
664 2
664 3
665 2
665 3
666 2
666 160
667 3
667 98
668 667
669 2
669 3
669 19
670 58
671 2
671 3
671 39
672 2
672 111
673 3
673 11
673 15
673 22
673 25
673 27
673 38
673 52
673 57
673 63
674 673
675 2
675 674
676 2
676 3
677 2
677 3
677 24
678 2
678 157
679 2
680 2
680 228
681 2
681 24
681 332
682 2
682 58
683 2
683 58
684 2
685 2
685 14
685 157
686 2
687 2
687 14
687 47
687 201
688 2
689 2
689 3
689 54
690 2
691 14
691 54
691 690
692 2
692 55
693 2
694 98
694 426
695 2
695 694
696 2
697 2
697 39
698 2
698 3
699 157
700 2
701 2
702 2
702 55
703 2
703 19
703 58
704 2
704 14
704 39
705 2
705 14
705 24
706 2
706 54
706 127
707 22
707 54
707 71
707 107
707 326
707 706
708 2
709 3
709 98
710 14
710 54
711 710
712 2
712 54
713 2
714 58
714 98
715 2
715 157
716 2
717 2
718 2
718 3
719 2
719 3
720 2
720 504
721 54
721 235
722 2
722 721
723 3
724 2
724 14
725 2
725 3
726 2
726 55
727 2
728 2
728 50
729 2
729 55
730 2
730 24
731 2
731 218
732 2
732 3
733 2
733 3
733 22
733 54
734 2
734 3
734 22
734 54
734 733
735 2
736 39
736 54
736 160
736 218
737 736
738 177
739 2
739 3
739 19
740 2
740 22
741 2
741 19
742 12
742 14
742 22
742 24
743 2
743 12
744 2
744 3
744 14
744 47
744 127
745 2
745 24
746 2
746 24
747 2
747 24
748 2
748 54
749 14
749 35
749 50
749 748
750 2
750 6
751 2
751 55
752 24
752 27
752 223
752 370
753 2
753 752
754 2
754 3
755 2
755 3
756 2
757 2
757 157
758 2
758 19
758 22
758 55
759 2
759 3
759 14
760 2
761 2
762 2
763 2
763 3
764 2
764 3
765 2
765 24
766 2
766 453
767 2
767 652
767 653
768 52
768 767
769 2
769 768
770 2
771 2
771 3
771 770
772 0
772 2
773 2
773 395
774 2
774 22
774 37
774 39
774 50
775 2
775 54
776 2
776 54
776 157
777 2
777 50
778 177
778 368
778 651
779 2
780 2
780 19
781 2
782 121
783 2
784 2
784 58
785 58
785 71
785 512
786 2
786 14
786 17
787 2
787 3
788 787
789 3
789 326
790 2
790 3
791 2
792 2
792 3
792 50
792 54
793 2
793 3
794 2
794 3
794 6
794 14
794 39
794 50
794 770
795 2
795 794
796 2
797 2
798 2
798 55
799 58
800 2
800 3
801 2
801 3
802 2
802 39
803 22
803 25
804 803
805 2
805 804
806 2
807 2
808 2
808 19
809 2
810 2
810 3
810 6
810 14
810 22
810 50
810 329
810 809
811 2
811 54
812 2
812 491
813 2
813 14
813 98
814 813
815 2
815 22
815 54
815 157
816 2
816 3
817 816
818 2
818 50
818 157
819 2
819 24
820 3
820 22
820 54
821 2
821 3
822 2
822 3
823 2
824 2
825 2
825 58
826 2
827 2
827 3
828 2
828 3
829 2
830 3
831 2
831 3
832 157
833 2
833 3
834 2
835 2
835 3
836 2
836 3
837 2
837 58
838 2
838 673
839 2
839 14
840 2
841 2
841 3
842 2
843 2
843 19
844 2
844 50
845 2
845 3
846 2
846 3
847 2
847 14
848 2
849 2
849 19
850 2
850 58
851 2
851 3
852 2
852 55
853 2
853 3
853 370
854 2
854 3
855 2
855 157
856 2
856 157
857 2
858 2
858 14
859 2
859 504
860 2
860 3
861 2
861 785
862 2
863 2
863 14
863 50
864 2
864 22
865 2
865 3
866 2
867 2
868 2
868 3
869 2
870 2
870 157
871 2
871 55
872 2
873 2
873 3
873 54
873 55
873 872
874 2
875 22
875 54
875 429
875 522
875 874
876 2
876 218
877 2
877 54
878 22
878 25
878 55
879 878
880 14
880 39
881 2
881 3
882 2
882 3
882 55
883 2
884 2
885 2
886 2
887 2
888 2
888 39
889 3
889 651
890 2
890 3
891 2
891 14
892 2
892 3
892 14
892 22
892 39
892 50
892 54
892 538
893 2
893 19
894 2
894 54
895 2
895 14
896 2
896 3
897 2
898 2
898 3
898 50
899 2
899 54
899 160
900 2
900 899
901 2
902 2
902 14
903 2
903 44
904 2
905 332
905 904
906 2
907 2
907 3
907 14
907 50
907 906
908 2
908 3
908 50
909 2
910 2
910 3
911 2
911 14
912 2
912 24
913 2
913 77
913 85
914 2
914 39
915 2
915 810
916 2
916 721
917 2
918 2
919 2
919 14
920 2
920 14
921 2
921 58
922 2
923 332
923 922
924 2
924 3
924 14
924 213
924 395
925 924
926 2
926 3
927 2
927 157
928 14
929 368
929 810
930 2
930 50
931 2
931 3
932 2
933 2
934 3
934 6
934 14
934 24
934 39
934 50
934 933
935 2
935 54
935 85
936 2
936 3
937 2
937 157
938 2
938 54
938 79
939 938
940 2
940 3
940 22
940 54
940 79
940 126
940 939
941 2
941 3
942 2
942 3
942 14
942 22
943 2
943 54
944 2
945 22
945 71
946 945
947 2
947 946
948 2
949 2
949 659
950 3
950 22
950 54
950 58
951 2
951 950
952 2
952 54
953 2
953 3
953 14
954 2
954 54
955 2
955 54
955 508
956 2
957 12
957 24
958 2
958 300
958 673
958 785
959 2
959 14
960 14
960 236
961 2
961 14
961 22
962 2
962 660
963 157
964 2
964 54
965 2
965 77
966 2
966 3
967 2
967 54
968 2
969 2
969 14
970 2
971 3
971 22
971 98
971 970
972 2
972 3
973 2
973 157
974 2
974 14
975 22
975 78
976 2
976 54
976 975
977 2
977 160
978 977
979 2
979 22
980 2
980 39
981 2
981 3
982 2
982 3
983 2
983 14
984 2
984 721
985 2
985 24
985 58
986 2
986 395
987 2
987 14
988 2
988 14
989 2
990 2
990 3
990 989
991 2
992 15
992 24
992 393
992 426
992 991
993 2
993 14
993 50
994 993
995 2
995 3
996 2
997 2
997 55
998 2
998 3
998 58
999 2
999 157
1000 3
1000 157
1001 19
1001 1000
1002 2
1002 157
1003 2
1003 39
1004 3
1004 54
1005 2
1006 2
1006 54
1007 2
1007 3
1008 2
1008 50
1009 19
1009 54
1010 2
1010 19
1011 79
1011 940
1012 2
1012 54
1012 1011
1013 2
1014 652
1015 2
1015 14
1015 54
1016 2
1016 3
1017 2
1017 54
1018 2
1018 54
1019 2
1019 3
1020 2
1020 54
1020 157
1021 2
1021 3
1022 2
1023 2
1023 673
1024 2
1024 54
1024 55
1025 2
1025 14
1025 213
1026 2
1026 24
1027 2
1028 877
1029 877
1030 2
1030 14
1031 42
1031 538
1031 585
1031 653
1031 794
1031 924
1031 986
1032 25
1032 1031
1033 2
1034 2
1034 332
1035 54
1036 14
1037 2
1037 157
1038 2
1038 3
1039 22
1039 58
1040 2
1040 1039
1041 3
1041 54
1042 2
1042 3
1042 6
1042 39
1042 50
1042 58
1043 2
1043 1042
1044 2
1044 160
1045 2
1045 54
1046 2
1046 14
1047 2
1047 14
1048 2
1048 55
1049 2
1049 14
1050 2
1050 3
1051 2
1052 2
1052 3
1053 2
1053 14
1054 2
1054 157
1055 2
1055 22
1055 1054
1056 2
1056 14
1057 2
1057 54
1058 14
1058 19
1058 22
1058 96
1059 2
1059 54
1060 2
1060 50
1061 194
1062 98
1062 1061
1063 2
1063 39
1063 71
1063 107
1063 1062
1064 2
1065 2
1065 157
1066 2
1066 54
1067 2
1067 50
1068 98
1069 2
1069 3
1070 2
1071 2
1071 3
1071 14
1071 423
1071 1070
1072 2
1073 22
1073 1072
1074 2
1075 14
1075 22
1075 332
1076 2
1076 54
1077 58
1078 2
1078 44
1079 2
1080 2
1080 14
1081 2
1081 54
1082 19
1082 22
1082 26
1083 1082
1084 2
1084 3
1084 54
1085 2
1085 55
1086 2
1087 2
1088 2
1088 98
1089 2
1090 2
1091 2
1091 3
1092 2
1092 50
1093 2
1093 54
1094 2
1094 3
1095 2
1095 3
1096 2
1097 2
1098 2
1099 2
1099 3
1099 14
1099 39
1100 2
1100 111
1101 2
1102 2
1102 3
1103 2
1103 14
1104 2
1104 77
1105 2
1106 2
1106 58
1107 2
1107 3
1108 1042
1109 55
1110 0
1110 2
1110 3
1110 11
1110 12
1110 13
1110 14
1110 15
1110 17
1110 18
1110 20
1110 26
1110 27
1110 28
1110 33
1110 35
1110 38
1110 41
1110 44
1110 48
1110 50
1110 52
1110 55
1110 60
1110 62
1110 63
1110 84
1110 1109
1111 2
1111 54
1112 2
1113 157
1114 58
1114 71
1115 1114
1116 2
1117 3
1117 284
1118 2
1118 1117
1119 2
1119 14
1120 2
1120 188
1121 2
1121 1042
1122 2
1122 6
1123 2
1123 14
1124 2
1124 3
1125 2
1125 58
1126 2
1126 3
1126 14
1126 54
1127 2
1127 24
1128 2
1128 58
1129 2
1129 3
1130 2
1131 2
1131 3
1131 157
1132 2
1133 332
1133 1132
1134 2
1134 14
1135 2
1135 3
1136 2
1136 3
1137 2
1137 14
1138 2
1138 721
1139 2
1140 2
1141 3
1141 1140
1142 2
1142 157
1143 218
1144 2
1144 1143
1145 2
1145 3
1146 2
1146 875
1147 2
1148 2
1148 3
1148 14
1148 22
1148 24
1148 39
1148 50
1148 136
1149 2
1149 1148
1150 2
1150 39
1151 2
1151 14
1151 54
1151 58
1152 2
1152 673
1153 2
1154 2
1154 3
1155 2
1155 19
1155 39
1156 2
1156 14
1157 2
1157 240
1158 2
1159 3
1159 14
1159 54
1159 977
1160 2
1160 24
1161 58
1161 764
1162 2
1163 3
1163 102
1164 2
1165 2
1165 50
1166 2
1166 3
1167 2
1167 804
1168 2
1168 488
1169 2
1169 14
1170 2
1170 3
1171 22
1171 1170
1172 2
1172 332
1173 2
1173 157
1174 2
1175 2
1175 54
1176 2
1176 14
1176 54
1177 2
1177 3
1178 2
1178 223
1179 2
1180 22
1180 25
1180 1179
1181 2
1181 575
1182 2
1183 0
1183 2
1183 3
1183 14
1183 22
1184 1182
1184 1183
1185 2
1185 58
1186 2
1186 3
1187 14
1187 54
1188 2
1189 2
1189 14
1190 2
1190 492
1191 2
1191 325
1192 2
1192 22
1193 2
1193 22
1194 3
1194 193
1195 2
1195 3
1196 54
1197 2
1197 1196
1198 2
1199 14
1199 1198
1200 22
1200 1199
1201 2
1201 157
1202 2
1202 54
1202 55
1203 2
1203 971
1204 2
1205 2
1206 2
1206 201
1207 2
1207 157
1208 2
1208 157
1209 813
1210 2
1210 3
1211 2
1212 2
1212 24
1213 2
1213 157
1214 157
1215 2
1215 55
1216 1180
1217 1216
1218 1217
1219 2
1219 24
1220 2
1220 14
1221 2
1221 14
1222 2
1222 238
1223 2
1223 14
1224 2
1224 19
1225 2
1225 3
1226 14
1227 2
1227 1226
1228 2
1229 2
1229 3
1229 22
1229 39
1230 2
1230 54
1231 2
1231 3
1232 2
1232 160
1233 2
1233 14
1234 2
1234 3
1235 2
1236 2
1236 11
1237 1236
1238 2
1238 721
1239 1042
1240 2
1240 325
1241 2
1241 58
1242 2
1242 3
1243 2
1244 14
1244 1055
1245 2
1246 2
1246 188
1247 3
1247 58
1247 156
1247 1246
1248 2
1248 14
1248 77
1248 157
1248 934
1249 2
1249 54
1250 2
1251 6
1251 58
1251 98
1251 1250
1252 2
1252 3
1253 2
1253 14
1254 2
1254 14
1255 3
1255 14
1255 19
1256 2
1256 1255
1257 2
1258 2
1258 673
1259 2
1260 2
1260 1259
1261 2
1261 3
1261 14
1261 54
1261 293
1262 111
1262 157
1263 12
1263 55
1264 12
1265 55
1265 1264
1266 11
1266 13
1266 14
1266 15
1266 20
1266 22
1266 26
1266 36
1266 38
1266 41
1266 57
1266 60
1266 62
1266 63
1266 295
1267 2
1267 12
1267 14
1267 54
1268 57
1269 0
1269 2
1269 10
1269 11
1269 13
1269 15
1269 16
1269 17
1269 18
1269 20
1269 21
1269 22
1269 26
1269 36
1269 37
1269 38
1269 39
1269 41
1269 42
1269 56
1269 58
1269 60
1269 62
1269 63
1269 100
1269 127
1269 128
1269 144
1269 183
1269 512
1269 561
1269 706
1269 892
1269 1268
1270 0
1270 2
1270 6
1270 10
1270 11
1270 12
1270 13
1270 14
1270 15
1270 17
1270 19
1270 20
1270 21
1270 22
1270 23
1270 25
1270 26
1270 27
1270 34
1270 35
1270 36
1270 37
1270 38
1270 39
1270 41
1270 42
1270 44
1270 45
1270 48
1270 50
1270 52
1270 54
1270 55
1270 60
1270 63
1270 127
1270 1268
1271 2
1271 4
1271 11
1271 12
1271 13
1271 14
1271 15
1271 17
1271 19
1271 22
1271 23
1271 24
1271 26
1271 27
1271 28
1271 30
1271 33
1271 34
1271 35
1271 36
1271 38
1271 39
1271 41
1271 42
1271 45
1271 50
1271 52
1271 54
1271 55
1271 58
1271 60
1271 63
1271 128
1272 4
1272 14
1272 31
1272 39
1272 40
1272 1271
1273 1272
1274 14
1274 41
1274 52
1274 1267
1275 2
1275 14
1275 36
1275 128
1275 213
1275 1271
1275 1274
1276 2
1276 3
1276 4
1276 6
1276 22
1276 26
1276 27
1276 35
1276 39
1276 41
1276 42
1276 50
1276 52
1276 55
1276 58
1276 213
1276 1274
1276 1275
1277 54
1277 1267
1278 0
1278 2
1278 3
1278 11
1278 12
1278 13
1278 15
1278 17
1278 18
1278 19
1278 20
1278 23
1278 26
1278 27
1278 28
1278 33
1278 34
1278 35
1278 38
1278 41
1278 44
1278 45
1278 47
1278 52
1278 55
1278 56
1278 57
1278 62
1278 63
1278 179
1279 50
1279 1278
1280 128
1280 1267
1280 1275
1281 0
1281 2
1281 6
1281 10
1281 11
1281 13
1281 14
1281 15
1281 18
1281 20
1281 21
1281 22
1281 25
1281 26
1281 37
1281 38
1281 41
1281 42
1281 45
1281 49
1281 50
1281 52
1281 60
1281 63
1281 127
1281 128
1281 706
1281 1268
1282 1271
1282 1274
1283 3
1283 6
1283 14
1283 39
1283 41
1283 52
1283 54
1283 1274
1284 6
1284 31
1284 52
1284 1274
1285 3
1285 11
1285 12
1285 15
1285 17
1285 19
1285 22
1285 23
1285 24
1285 25
1285 26
1285 27
1285 28
1285 29
1285 33
1285 34
1285 35
1285 38
1285 39
1285 41
1285 42
1285 44
1285 45
1285 52
1285 54
1285 55
1285 57
1285 73
1285 446
1285 1274
1285 1284
1286 3
1286 14
1286 39
1286 42
1287 1267
1287 1286
1288 2
1288 11
1288 22
1288 28
1288 52
1288 810
1288 1269
1289 2
1289 3
1289 6
1289 14
1289 22
1289 39
1289 50
1289 850
1289 925
1289 1288
1290 4
1290 31
1290 41
1290 128
1290 494
1290 1271
1290 1283
1290 1288
1291 6
1291 14
1291 15
1291 19
1291 23
1291 24
1291 25
1291 28
1291 31
1291 33
1291 35
1291 38
1291 52
1291 55
1291 58
1292 40
1292 1288
1292 1291
1293 4
1293 31
1293 40
1293 73
1293 1272
1293 1290
1294 2
1295 14
1295 22
1295 58
1295 150
1296 2
1296 3
1296 39
1297 2
1297 39
1298 22
1298 39
1299 13
1299 39
1300 39
1300 40
1301 39
1301 40
1301 41
1302 2
1302 3
1302 14
1302 22
1302 31
1302 39
1302 42
1302 63
1302 128
1302 1270
1302 1271
1302 1275
1302 1276
1302 1301
1303 13
1303 18
1303 38
1303 39
1303 49
1303 128
1303 1270
1304 4
1304 6
1304 31
1304 41
1304 63
1304 128
1304 1302
1305 1229
1306 2
1307 2
1308 2
1309 39
1310 1308
1310 1309
1311 2
1312 2
1313 22
1314 22
1314 25
1315 22
1315 1314
1316 25
1316 1314
1317 22
1317 25
1318 803
1319 22
1320 878
1321 22
1321 25
1322 22
1322 25
1323 803
1324 1180
1325 2
1326 2
1327 2
1328 2
1329 2
1329 3
1329 19
1329 54
1329 219
1330 14
1330 54
1330 1329
1331 6
1331 1329
1332 22
1332 98
1332 977
1332 1329
1333 14
1333 1329
1334 2
1334 1311
1335 39
1335 98
1336 2
1336 3
1336 54
1336 511
1336 589
1336 1335
1337 23
1337 47
1337 58
1337 1110
1338 0
1338 3
1338 11
1338 12
1338 13
1338 15
1338 17
1338 18
1338 19
1338 20
1338 21
1338 22
1338 23
1338 25
1338 26
1338 27
1338 28
1338 33
1338 35
1338 38
1338 41
1338 44
1338 45
1338 47
1338 52
1338 55
1338 60
1338 63
1338 472
1338 1337
1339 0
1339 22
1339 23
1339 28
1339 42
1339 47
1340 42
1340 1339
1341 448
1341 1042
1342 235
1343 1342
1344 24
1344 54
1344 1343
1345 2
1346 19
1346 24
1347 3
1347 157
1348 23
1348 47
1348 1338
1349 22
1349 39
1349 98
1350 235
1351 6
1351 39
1352 55
1353 3
1353 58
1353 1317
1353 1319
1353 1352
1354 54
1354 160
1355 14
1355 160
1356 3
1356 160
1357 160
1358 3
1358 160
1358 611
1358 1357
1359 160
1360 160
1360 611
1361 160
1361 611
1362 186
1363 160
1363 325
1364 160
1365 160
1366 2
1366 3
1367 6
1367 1366
1368 332
1368 1366
1369 3
1369 28
1370 3
1370 22
1370 50
1370 63
1370 96
1371 2
1371 19
1372 2
1373 98
1374 22
1374 54
1374 98
1374 1373
1375 3
1375 488
1375 1323
1376 2
1376 1323
1377 2
1377 1217
1378 1058
1378 1217
1379 14
1379 1324
1380 2
1380 22
1380 54
1380 165
1381 2
1381 3
1381 14
1382 310
1383 218
1384 157
1384 218
1384 1383
1385 14
1385 1383
1386 22
1386 39
1387 58
1387 98
1387 605
1387 1386
1388 42
1388 47
1388 1337
1389 14
1389 1313
1390 3
1390 14
1390 22
1391 54
1391 71
1392 218
1392 1391
1393 218
1393 1390
1393 1392
1394 2
1394 1311
1395 1309
1395 1310
1395 1311
1396 54
1397 19
1398 2
1398 146
1399 47
1399 58
1399 1338
1400 23
1400 1338
1401 2
1401 3
1401 14
1401 286
1402 0
1402 19
1402 42
1402 47
1402 98
1402 1338
1402 1400
1403 14
1403 102
1404 39
1404 63
1405 3
1405 77
1406 3
1406 14
1406 157
1407 6
1407 19
1407 35
1408 3
1408 14
1408 23
1408 33
1408 35
1408 44
1408 63
1408 1407
1409 2
1409 22
1409 54
1409 98
1410 2
1410 1338
1411 2
1411 157
1412 157
1413 14
1413 54
1414 58
1414 1373
1415 14
1416 77
1416 205
1416 1415
1417 22
1418 2
1419 54
1419 98
1420 3
1420 26
1420 50
1420 54
1421 2
1421 3
1421 15
1421 22
1421 38
1421 878
1421 1420
1422 2
1422 3
1422 54
1423 14
1423 326
1424 1058
1425 165
1426 19
1426 165
1427 2
1427 14
1427 157
1428 2
1428 14
1429 2
1429 14
1430 2
1431 3
1431 205
1432 85
1433 23
1433 1338
1434 1402
1435 6
1435 10
1435 11
1435 13
1435 14
1435 17
1435 19
1435 23
1435 24
1435 25
1435 26
1435 27
1435 28
1435 35
1435 38
1435 39
1435 41
1435 42
1435 45
1435 47
1435 50
1435 52
1435 54
1435 55
1435 58
1435 512
1435 687
1435 1279
1435 1338
1435 1402
1435 1434
1436 58
1436 1402
1437 47
1437 1278
1437 1338
1437 1436
1438 3
1438 4
1438 54
1438 127
1438 188
1438 1117
1439 1380
1440 2
1441 2
1441 3
1442 55
1442 69
1442 111
1442 218
1442 924
1442 992
1442 1099
1442 1180
1442 1420
1443 14
1444 14
1444 218
1444 1393
1445 2
1445 14
1445 1393
1446 3
1446 186
1446 875
1447 1320
1448 98
1448 1447
1449 2
1449 3
1449 14
1449 240
1449 1401
1450 17
1451 1450
1452 1451
1453 0
1453 3
1453 6
1453 10
1453 13
1453 14
1453 15
1453 17
1453 20
1453 21
1453 22
1453 26
1453 35
1453 36
1453 37
1453 38
1453 39
1453 41
1453 42
1453 50
1453 52
1453 55
1453 60
1453 63
1453 127
1453 1452
1454 58
1454 223
1455 58
1455 82
1456 2
1456 24
1456 1383
1456 1455
1457 39
1457 1336
1458 1402
1459 14
1459 1110
1459 1338
1460 1459
1461 1337
1461 1400
1462 3
1462 47
1462 58
1463 2
1463 218
1464 218
1465 1143
1466 1251
1466 1465
1467 160
1467 218
1468 218
1469 14
1469 376
1470 2
1470 218
1471 58
1471 218
1472 3
1472 376
1473 55
1473 1464
1474 24
1474 218
1475 218
1476 3
1476 160
1477 218
1477 1476
1478 1143
1479 14
1479 1143
1480 1143
1481 157
1481 376
1482 11
1482 15
1482 18
1482 20
1482 21
1482 22
1482 26
1482 38
1482 56
1482 62
1482 63
1482 96
1482 128
1482 1269
1482 1278
1482 1281
1483 2
1483 677
1483 757
1483 1278
1484 3
1485 2
1485 3
1485 22
1486 2
1486 286
1487 2
1487 22
1488 3
1488 1451
1489 1294
1489 1488
1490 14
1490 58
1490 1453
1490 1488
1491 2
1492 2
1492 29
1492 30
1492 40
1492 41
1492 45
1492 51
1492 52
1492 54
1492 128
1492 213
1492 430
1492 512
1492 1271
1492 1272
1493 29
1493 31
1493 41
1493 45
1493 52
1493 1285
1493 1492
1494 2
1494 3
1494 10
1494 13
1494 14
1494 15
1494 23
1494 33
1494 35
1494 38
1494 41
1494 45
1494 52
1494 55
1494 57
1494 63
1494 1492
1495 4
1495 31
1495 41
1495 1271
1495 1283
1496 22
1496 54
1497 1031
1497 1271
1498 54
1498 1338
1499 0
1499 10
1499 11
1499 13
1499 14
1499 15
1499 18
1499 21
1499 22
1499 23
1499 26
1499 38
1499 41
1499 42
1499 45
1499 50
1499 52
1499 60
1499 63
1500 2
1500 3
1500 6
1500 14
1500 39
1500 1171
1500 1498
1501 6
1501 11
1501 17
1501 19
1501 38
1501 42
1501 54
1501 58
1501 71
1501 98
1501 173
1502 58
1503 1502
1504 3
1504 15
1504 22
1504 54
1504 98
1504 111
1504 218
1504 1502
1504 1503
1505 10
1505 13
1505 15
1505 17
1505 23
1505 39
1505 42
1505 52
1505 55
1506 58
1507 58
1507 434
1508 58
1508 575
1509 58
1510 17
1510 58
1510 128
1511 0
1511 17
1511 111
1511 128
1511 1510
1512 58
1512 111
1513 58
1513 428
1514 54
1514 58
1515 58
1516 58
1517 58
1518 58
1519 58
1520 58
1521 58
1522 1042
1523 58
1523 223
1524 58
1525 58
1525 1336
1526 58
1527 58
1528 3
1528 58
1528 332
1528 434
1529 27
1529 58
1530 58
1531 58
1531 188
1532 58
1533 58
1533 332
1534 58
1534 434
1535 58
1536 58
1536 82
1537 24
1537 58
1538 58
1538 111
1539 58
1539 111
1540 58
1541 24
1541 58
1542 58
1543 58
1544 58
1545 11
1545 58
1545 157
1545 426
1546 55
1546 58
1547 58
1548 0
1548 11
1548 15
1548 23
1548 33
1548 34
1548 35
1548 38
1548 44
1548 52
1548 63
1548 426
1548 1547
1549 58
1550 3
1550 15
1550 24
1550 26
1550 35
1550 38
1550 54
1550 1291
1550 1549
1551 79
1552 10
1552 15
1552 22
1552 23
1552 27
1552 35
1552 38
1552 44
1552 45
1552 48
1552 52
1552 55
1552 63
1552 1551
1553 15
1553 22
1553 58
1554 42
1554 58
1555 58
1556 0
1556 3
1556 47
1556 128
1556 1435
1556 1555
1557 42
1557 58
1558 58
1558 1338
1559 0
1559 58
1560 58
1561 3
1561 58
1562 3
1562 58
1563 54
1563 58
1564 22
1565 58
1566 58
1567 3
1567 6
1567 14
1567 39
1567 50
1567 365
1568 3
1568 58
1568 156
1568 1566
1568 1567
1569 58
1569 1568
1570 58
1570 127
1571 98
1571 1039
1572 55
1572 58
1573 22
1573 58
1574 58
1575 3
1575 14
1575 54
1575 58
1575 98
1575 1574
1576 58
1577 58
1577 240
1577 538
1577 1576
1578 10
1578 58
1579 0
1579 58
1580 58
1581 58
1581 1289
1582 58
1583 10
1583 22
1583 39
1583 50
1583 63
1583 1582
1584 22
1584 58
1585 19
1585 580
1586 1039
1587 58
1588 11
1588 58
1588 1545
1589 58
1589 102
1590 28
1590 48
1590 72
1591 1590
1592 3
1592 58
1593 50
1593 58
1593 1338
1594 58
1594 1278
1595 58
1595 1590
1596 58
1597 1590
1598 58
1599 22
1600 58
1601 2
1601 3
1601 22
1601 50
1601 1600
1602 58
1602 1251
1603 58
1603 466
1604 58
1605 3
1605 58
1606 58
1607 50
1607 58
1608 58
1609 58
1609 434
1610 58
1611 24
1611 58
1612 22
1612 58
1613 3
1613 58
1614 58
1615 6
1615 58
1616 27
1616 58
1617 58
1617 223
1618 27
1618 58
1619 58
1620 27
1620 58
1621 3
1621 14
1621 58
1622 3
1622 58
1623 54
1623 58
1624 55
1624 58
1625 1577
1626 58
1627 54
1627 1585
1627 1626
1628 50
1628 58
1629 58
1629 98
1630 0
1630 3
1630 6
1630 10
1630 11
1630 15
1630 17
1630 19
1630 22
1630 23
1630 26
1630 27
1630 33
1630 34
1630 37
1630 38
1630 41
1630 42
1630 44
1630 47
1630 50
1630 52
1630 54
1630 55
1630 57
1630 63
1630 98
1631 12
1632 11
1632 22
1632 23
1632 35
1632 79
1633 55
1633 58
1634 58
1634 98
1635 58
1635 1267
1636 14
1636 54
1636 58
1637 58
1638 58
1639 58
1640 58
1640 785
1641 58
1641 785
1642 58
1643 2
1643 58
1644 58
1644 157
1645 58
1645 111
1646 58
1647 24
1647 58
1648 58
1648 77
1648 111
1649 58
1650 58
1651 22
1651 26
1651 50
1652 54
1652 58
1653 24
1653 58
1654 3
1654 14
1654 24
1654 58
1655 58
1656 11
1656 63
1656 1655
1657 58
1658 22
1658 39
1659 14
1659 1657
1659 1658
1660 58
1661 3
1661 42
1661 50
1661 58
1661 128
1662 1590
1663 6
1663 58
1663 102
1664 58
1664 160
1664 240
1665 24
1665 58
1666 58
1666 102
1667 1666
1668 39
1668 58
1669 58
1669 286
1670 58
1670 98
1671 3
1671 58
1672 58
1672 98
1673 17
1673 50
1673 426
1673 1511
1674 0
1674 10
1674 11
1674 12
1674 13
1674 15
1674 17
1674 22
1674 23
1674 26
1674 28
1674 42
1674 48
1674 52
1674 55
1674 57
1674 109
1674 1511
1674 1673
1675 58
1676 156
1677 58
1678 58
1679 188
1680 2
1680 58
1681 58
1682 58
1682 1251
1683 58
1684 58
1685 2
1685 58
1686 19
1686 58
1687 58
1688 3
1688 54
1688 58
1688 127
1688 1281
1689 58
1690 22
1690 39
1690 434
1690 1689
1691 19
1691 58
1692 58
1693 58
1694 58
1695 39
1695 58
1696 58
1697 58
1697 111
1698 58
1698 63
1699 10
1699 11
1699 12
1699 15
1699 18
1699 20
1699 22
1699 23
1699 31
1699 34
1699 35
1699 38
1699 44
1699 48
1699 50
1699 63
1699 73
1699 179
1699 426
1699 667
1699 1493
1699 1548
1700 50
1700 1699
1701 39
1701 58
1702 426
1702 1699
1703 1702
1704 11
1704 15
1704 22
1704 23
1704 25
1704 35
1704 37
1704 38
1704 39
1704 50
1704 57
1704 63
1704 1702
1705 58
1706 58
1706 85
1707 15
1707 58
1708 58
1709 957
1710 6
1710 39
1710 44
1710 52
1710 58
1711 58
1711 82
1712 58
1713 0
1713 2
1713 3
1713 11
1713 12
1713 15
1713 19
1713 23
1713 26
1713 27
1713 33
1713 34
1713 35
1713 38
1713 44
1713 45
1713 52
1713 54
1714 3
1714 6
1714 22
1714 25
1714 42
1714 50
1714 58
1714 63
1714 128
1714 1713
1715 24
1715 1712
1715 1714
1716 3
1716 6
1716 22
1716 25
1716 39
1716 50
1716 63
1716 82
1716 128
1716 1713
1716 1714
1717 98
1718 58
1718 1568
1719 58
1720 58
1721 58
1722 3
1722 58
1723 58
1723 1575
1724 19
1724 54
1724 58
1725 58
1725 804
1726 50
1726 58
1727 157
1727 453
1728 55
1728 58
1729 58
1729 98
1730 58
1731 98
1731 1180
1731 1730
1732 55
1732 1058
1733 3
1733 14
1733 22
1733 26
1733 54
1734 98
1734 1733
1735 54
1735 58
1736 58
1736 98
1737 58
1737 223
1738 3
1738 58
1739 58
1739 1464
1740 58
1741 3
1741 14
1741 39
1741 50
1741 58
1741 157
1742 3
1742 4
1742 14
1742 47
1742 659
1742 1276
1743 54
1743 659
1744 1269
1745 31
1745 51
1745 71
1746 6
1746 12
1746 23
1746 31
1746 33
1746 35
1746 58
1746 71
1746 72
1746 1742
1746 1745
1747 2
1747 6
1747 11
1747 13
1747 15
1747 18
1747 20
1747 21
1747 23
1747 31
1747 33
1747 34
1747 38
1747 51
1747 71
1747 72
1747 106
1747 1745
1748 6
1748 11
1748 12
1748 15
1748 17
1748 22
1748 23
1748 26
1748 27
1748 29
1748 31
1748 33
1748 34
1748 35
1748 38
1748 39
1748 41
1748 45
1748 52
1748 54
1748 55
1748 98
1748 561
1748 768
1748 1493
1748 1742
1749 6
1749 29
1749 45
1749 52
1749 1742
1749 1748
1750 41
1750 446
1750 1274
1750 1742
1751 0
1751 2
1751 3
1751 11
1751 15
1751 17
1751 19
1751 22
1751 23
1751 27
1751 28
1751 31
1751 33
1751 35
1751 38
1751 39
1751 41
1751 52
1751 54
1751 55
1751 58
1752 0
1752 2
1752 3
1752 11
1752 12
1752 14
1752 15
1752 17
1752 23
1752 24
1752 27
1752 33
1752 35
1752 36
1752 38
1752 45
1752 52
1752 58
1752 63
1753 6
1753 41
1753 52
1753 1742
1753 1752
1754 10
1754 57
1755 0
1755 2
1755 3
1755 11
1755 13
1755 14
1755 15
1755 18
1755 20
1755 26
1755 35
1755 38
1755 60
1755 62
1756 10
1756 18
1756 49
1757 36
1757 1281
1758 1268
1758 1757
1759 38
1759 1453
1760 0
1760 10
1760 11
1760 13
1760 14
1760 15
1760 18
1760 20
1760 23
1760 26
1760 36
1760 38
1760 42
1760 50
1760 52
1760 55
1760 60
1760 62
1760 63
1760 100
1760 127
1760 257
1760 295
1761 37
1761 128
1761 1760
1762 2
1762 10
1762 14
1762 16
1762 39
1762 58
1762 63
1763 1762
1764 10
1764 16
1764 50
1764 1762
1765 63
1765 1270
1766 37
1766 42
1767 13
1767 18
1767 22
1767 38
1767 49
1767 58
1768 13
1768 1270
1768 1767
1769 3
1769 22
1769 42
1769 127
1770 42
1771 0
1771 2
1771 3
1771 15
1771 16
1771 18
1771 20
1771 23
1771 26
1771 38
1771 41
1771 45
1771 52
1771 55
1771 57
1771 60
1771 62
1771 63
1771 127
1771 179
1771 1269
1771 1770
1772 16
1772 1770
1773 11
1773 14
1773 15
1773 16
1773 18
1773 22
1773 26
1773 60
1774 36
1774 42
1775 16
1775 1771
1776 1281
1776 1760
1777 127
1777 1769
1778 10
1779 36
1779 42
1779 1270
1779 1762
1779 1769
1780 63
1780 1765
1781 57
1782 1781
1783 10
1784 1783
1785 42
1785 128
1785 1783
1786 14
1786 20
1786 22
1786 36
1786 58
1787 42
1788 0
1788 11
1788 13
1788 15
1788 18
1788 20
1788 21
1788 22
1788 23
1788 24
1788 26
1788 34
1788 35
1788 37
1788 38
1788 39
1788 41
1788 42
1788 44
1788 45
1788 48
1788 52
1788 55
1788 60
1788 127
1788 295
1788 1767
1788 1768
1789 10
1789 1788
1790 1769
1791 10
1791 13
1791 18
1791 37
1791 42
1791 57
1791 1789
1792 6
1792 36
1792 39
1792 127
1792 1771
1793 19
1793 22
1793 38
1794 10
1794 11
1794 14
1794 18
1794 20
1794 22
1794 26
1794 38
1794 60
1794 62
1794 63
1794 128
1794 1453
1795 1794
1796 1795
1797 6
1797 7
1797 10
1797 13
1797 15
1797 17
1797 18
1797 20
1797 22
1797 42
1797 52
1797 56
1797 1453
1798 11
1798 15
1798 18
1798 20
1798 21
1798 26
1798 42
1798 56
1798 58
1798 63
1798 179
1798 1482
1798 1760
1798 1797
1799 20
1799 22
1799 34
1799 38
1799 39
1799 71
1799 72
1799 106
1799 142
1799 1281
1800 11
1800 15
1800 18
1800 20
1800 21
1800 26
1800 100
1800 179
1800 1797
1801 0
1801 6
1801 11
1801 12
1801 13
1801 14
1801 15
1801 18
1801 20
1801 22
1801 23
1801 26
1801 27
1801 28
1801 30
1801 33
1801 35
1801 37
1801 38
1801 41
1801 45
1801 52
1801 55
1801 56
1801 60
1801 62
1801 295
1801 1271
1801 1453
1801 1482
1801 1494
1802 1801
1803 1802
1804 1801
1804 1803
1805 1764
1806 17
1807 6
1807 30
1807 45
1807 52
1807 1271
1807 1285
1808 29
1808 41
1808 45
1808 52
1808 1285
1808 1749
1808 1807
1809 6
1809 26
1809 29
1809 52
1809 1493
1809 1808
1810 6
1810 29
1810 45
1810 52
1810 1493
1811 25
1811 1810
1812 6
1812 31
1812 45
1812 52
1812 1493
1813 1748
1813 1812
1814 6
1814 26
1814 29
1814 45
1814 51
1814 52
1814 1748
1815 1814
1816 6
1816 29
1816 31
1816 45
1816 52
1816 1493
1816 1815
1817 45
1818 6
1818 29
1818 31
1818 45
1818 52
1818 1493
1818 1817
1819 31
1819 1810
1819 1814
1819 1817
1819 1818
1820 11
1820 12
1820 15
1820 22
1820 23
1820 24
1820 26
1820 27
1820 33
1820 35
1820 38
1820 41
1820 44
1820 45
1820 52
1820 55
1820 58
1820 79
1820 98
1820 1063
1820 1635
1821 1820
1822 34
1822 35
1822 70
1822 71
1822 72
1822 107
1822 1635
1822 1820
1822 1821
1823 6
1823 15
1823 22
1823 34
1823 35
1823 45
1823 52
1823 72
1823 1715
1824 1820
1824 1822
1824 1823
1825 0
1825 10
1825 11
1825 12
1825 13
1825 15
1825 18
1825 19
1825 20
1825 21
1825 23
1825 25
1825 26
1825 27
1825 34
1825 35
1825 36
1825 38
1825 39
1825 42
1825 44
1825 45
1825 49
1825 52
1825 55
1825 60
1825 63
1825 127
1825 295
1825 1760
1825 1797
1826 1825
1827 3
1827 23
1827 36
1827 57
1827 157
1827 1278
1827 1442
1828 2
1828 3
1828 6
1828 10
1828 14
1828 15
1828 17
1828 31
1828 35
1828 37
1828 41
1828 52
1828 58
1828 128
1829 1031
1829 1828
1830 1829
1831 3
1831 4
1831 6
1831 14
1831 31
1831 41
1831 50
1831 52
1831 128
1831 1828
1831 1829
1832 10
1832 22
1832 37
1832 39
1832 1453
1833 1832
1834 0
1834 11
1834 13
1834 14
1834 15
1834 18
1834 20
1834 21
1834 26
1834 35
1834 38
1834 41
1834 57
1834 60
1834 63
1834 128
1834 295
1835 10
1835 14
1835 42
1835 100
1835 1834
1836 1825
1836 1832
1836 1833
1836 1835
1837 14
1837 1297
1838 3
1838 50
1839 0
1839 6
1839 11
1839 13
1839 14
1839 15
1839 19
1839 20
1839 21
1839 26
1839 27
1839 34
1839 35
1839 38
1839 40
1839 41
1839 44
1839 45
1839 50
1839 52
1839 54
1839 55
1839 63
1839 105
1839 127
1839 706
1839 1270
1839 1488
1839 1801
1840 1839
1841 20
1841 26
1841 36
1841 38
1841 63
1841 100
1841 179
1841 1840
1842 0
1842 11
1842 13
1842 14
1842 15
1842 18
1842 20
1842 21
1842 22
1842 23
1842 26
1842 27
1842 34
1842 35
1842 38
1842 44
1842 45
1842 55
1842 60
1842 63
1842 128
1843 127
1843 1842
1844 128
1844 1281
1844 1843
1845 0
1845 11
1845 13
1845 14
1845 15
1845 17
1845 18
1845 20
1845 21
1845 25
1845 26
1845 38
1845 42
1845 58
1845 60
1845 63
1845 1760
1845 1844
1846 1496
1847 1846
1848 2
1848 3
1849 0
1849 11
1849 12
1849 15
1849 19
1849 23
1849 26
1849 27
1849 33
1849 35
1849 36
1849 38
1849 45
1849 55
1849 58
1849 63
1849 1841
1850 11
1850 14
1850 38
1850 41
1850 42
1850 52
1850 57
1850 60
1850 62
1850 63
1850 128
1850 295
1850 1270
1850 1271
1850 1453
1850 1800
1850 1801
1851 1850
1852 0
1852 11
1852 13
1852 15
1852 20
1852 26
1852 36
1852 38
1852 60
1852 62
1852 63
1852 179
1852 920
1853 20
1853 36
1853 38
1854 36
1854 172
1854 1762
1854 1832
1855 156
1855 1849
1856 14
1856 1849
1857 1272
1857 1849
1858 29
1858 36
1858 41
1858 45
1858 52
1858 1271
1858 1275
1858 1857
1859 6
1859 31
1859 41
1859 42
1859 73
1859 1492
1859 1494
1859 1747
1859 1858
1860 36
1861 2
1861 1849
1862 1849
1863 10
1863 13
1863 18
1863 36
1863 38
1863 58
1864 6
1864 26
1864 29
1864 30
1864 31
1864 45
1864 52
1864 1493
1864 1808
1865 1276
1865 1302
1866 30
1866 45
1866 52
1866 1285
1867 2
1867 3
1867 6
1867 11
1867 13
1867 14
1867 15
1867 17
1867 18
1867 19
1867 20
1867 23
1867 28
1867 33
1867 35
1867 36
1867 37
1867 38
1867 41
1867 52
1867 55
1867 60
1867 62
1867 100
1867 128
1867 295
1867 1031
1867 1866
1868 1272
1868 1292
1869 2
1869 3
1869 6
1869 36
1869 41
1869 42
1869 52
1869 1271
1869 1453
1869 1751
1870 1751
1870 1869
1871 2
1871 3
1871 14
1871 41
1871 45
1871 50
1871 52
1871 128
1871 1828
1872 1871
1873 1828
1874 2
1874 4
1874 6
1874 14
1874 15
1874 17
1874 19
1874 23
1874 24
1874 26
1874 28
1874 31
1874 35
1874 36
1874 37
1874 38
1874 39
1874 41
1874 42
1874 45
1874 50
1874 52
1874 54
1874 55
1874 57
1874 58
1874 63
1874 128
1874 1828
1874 1831
1875 1871
1875 1873
1875 1874
1876 2
1876 3
1876 14
1876 31
1876 41
1876 128
1877 1873
1877 1876
1878 0
1878 2
1878 3
1878 6
1878 11
1878 12
1878 15
1878 18
1878 19
1878 20
1878 23
1878 27
1878 29
1878 31
1878 33
1878 34
1878 35
1878 36
1878 38
1878 41
1878 42
1878 44
1878 52
1878 55
1878 58
1878 60
1878 62
1878 63
1878 295
1878 1859
1879 4
1879 14
1880 1871
1881 1874
1881 1880
1882 1874
1883 1871
1883 1880
1883 1882
1884 1829
1884 1882
1885 1828
1885 1881
1885 1882
1886 1829
1886 1831
1886 1882
1887 1874
1888 3
1888 6
1888 14
1888 42
1888 63
1888 1271
1888 1801
1889 1869
1889 1888
1890 6
1890 10
1890 31
1890 39
1890 41
1890 63
1890 128
1890 1274
1890 1801
1890 1859
1890 1869
1890 1878
1890 1888
1891 4
1891 6
1892 1751
1893 4
1893 6
1893 31
1893 41
1893 1801
1893 1892
1894 2
1894 6
1894 11
1894 13
1894 15
1894 17
1894 18
1894 20
1894 22
1894 23
1894 26
1894 31
1894 33
1894 35
1894 38
1894 41
1894 42
1894 44
1894 45
1894 52
1894 55
1894 60
1894 62
1894 1801
1894 1890
1894 1893
1895 3
1895 4
1895 6
1895 31
1895 41
1895 1751
1896 31
1896 1751
1896 1892
1896 1894
1896 1895
1897 1801
1898 3
1898 42
1898 1270
1898 1271
1898 1453
1898 1897
1899 1801
1899 1898
1900 127
1900 1270
1900 1271
1900 1769
1901 1900
1902 4
1902 6
1902 41
1902 128
1902 1890
1903 1271
1903 1276
1904 3
1904 6
1904 14
1904 41
1904 42
1904 52
1904 58
1904 1494
1904 1801
1904 1890
1905 30
1905 31
1905 45
1905 52
1905 1808
1906 1904
1907 2
1907 3
1907 14
1907 22
1907 41
1907 52
1907 1271
1907 1808
1907 1890
1907 1906
1908 6
1908 42
1908 1271
1909 1751
1909 1894
1910 1751
1910 1895
1911 1751
1911 1867
1912 1751
1912 1867
1913 1751
1913 1867
1914 1751
1914 1894
1914 1896
1915 1751
1915 1867
1916 1751
1916 1896
1917 1751
1918 1751
1919 1828
1919 1881
1920 1829
1920 1919
1921 1874
1921 1881
1921 1919
1922 4
1922 40
1923 4
1923 1272
1923 1492
1924 1923
1925 30
1925 45
1925 52
1925 1285
1925 1748
1926 31
1927 31
1927 1926
1928 3
1928 15
1928 23
1928 35
1928 38
1928 39
1928 58
1928 1494
1928 1926
1928 1927
1929 1272
1930 1272
1931 6
1931 29
1931 31
1931 45
1931 52
1931 1493
1932 4
1932 1272
1933 3
1933 4
1933 6
1933 14
1933 45
1933 52
1933 127
1934 6
1934 31
1934 63
1935 1928
1935 1934
1936 1828
1936 1875
1936 1881
1936 1882
1937 1828
1937 1831
1937 1936
1938 1867
1938 1893
1939 1893
1940 1893
1940 1895
1941 1751
1942 1941
1943 1942
1944 1271
1944 1272
1945 1829
1946 1896
1947 1894
1948 920
1948 1271
1948 1869
1949 52
1949 1869
1950 1948
1950 1949
1951 1870
1951 1948
1952 1878
1953 1751
1954 31
1954 1751
1955 24
1955 54
1955 228
1955 229
1956 228
1956 1955
1957 1900
1958 31
1958 63
1958 1957
1959 31
1959 45
1959 52
1960 1283
1961 1869
1962 1869
1962 1870
1962 1888
1962 1961
1963 41
1963 1272
1964 41
1964 1275
1964 1276
1964 1963
1965 1900
1966 6
1966 45
1966 52
1966 1816
1967 41
1967 63
1967 1859
1968 1809
1969 45
1969 1493
1969 1807
1969 1809
1969 1814
1969 1968
1970 2
1970 3
1970 6
1970 14
1970 31
1970 52
1970 1859
1971 4
1971 6
1971 40
1971 73
1971 1272
1971 1713
1972 0
1972 10
1972 11
1972 13
1972 15
1972 20
1972 26
1972 38
1972 50
1972 60
1972 62
1972 63
1972 295
1972 1713
1973 31
1973 41
1973 58
1973 1801
1974 1894
1975 73
1976 1272
1976 1975
1977 73
1977 1272
1977 1292
1978 1271
1978 1869
1978 1870
1979 1948
1979 1978
1980 1942
1981 1751
1981 1867
1982 1981
1983 128
1983 1271
1984 4
1984 6
1984 41
1984 42
1984 63
1984 1890
1985 6
1985 41
1985 52
1985 128
1985 1271
1985 1867
1985 1874
1985 1984
1986 14
1986 51
1986 128
1986 1747
1986 1874
1987 51
1987 105
1987 1986
1988 34
1988 71
1988 72
1989 1751
1989 1941
1989 1988
1990 51
1990 1941
1990 1986
1990 1989
1991 14
1991 106
1991 1986
1992 1894
1992 1989
1993 1751
1993 1894
1994 1867
1994 1894
1995 1867
1995 1894
1996 1894
1997 1828
1997 1831
1998 1828
1998 1831
1999 1828
1999 1831
1999 1885
2000 1828
2000 1831
2001 1751
2001 1867
2002 1867
2002 1894
2003 1867
2004 1751
2004 1867
2005 1751
2005 1867
2005 1894
2006 1751
2006 1867
2007 1867
2007 1893
2008 1751
2008 1867
2009 1751
2009 1867
2010 1751
2010 1867
2011 1867
2012 1867
2013 1867
2014 1751
2014 1867
2014 1894
2015 1867
2016 1874
2017 1874
2018 1828
2018 1871
2018 1887
2019 30
2019 45
2019 52
2019 1493
2019 1749
2019 1814
2020 6
2020 29
2020 45
2020 51
2020 52
2020 1818
2020 2019
2021 2
2021 14
2021 1270
2021 1275
2021 1276
2022 6
2022 11
2022 23
2022 27
2022 33
2022 35
2022 36
2022 38
2022 39
2022 41
2022 45
2022 52
2022 55
2022 58
2022 1494
2022 1890
2022 1934
2023 1881
2024 1829
2025 1881
2025 2023
2025 2024
2026 14
2026 51
2026 1747
2026 1859
2026 1881
2026 2023
2027 1829
2027 1881
2027 1886
2028 52
2029 39
2029 810
2029 1275
2029 1289
2030 1751
2030 1896
2031 1895
2031 1896
2032 1751
2032 1894
2032 1896
2033 1919
2034 4
2034 1900
2034 1956
2035 6
2035 1304
2036 57
2036 1272
2037 6
2037 29
2037 31
2037 45
2037 52
2037 1493
2038 6
2038 29
2038 45
2038 52
2038 1810
2039 3
2039 4
2039 6
2039 14
2039 15
2039 26
2039 35
2039 40
2039 44
2039 73
2039 1272
2040 2039
2041 3
2041 1276
2041 1801
2041 1903
2042 1276
2042 2041
2043 2
2043 6
2043 31
2043 52
2043 128
2043 1283
2043 1859
2044 1871
2045 1828
2046 1751
2046 1867
2047 4
2047 31
2048 2047
2049 3
2049 41
2049 63
2049 1272
2049 1922
2049 1923
2049 2040
2050 6
2050 73
2050 98
2050 561
2050 1272
2050 1292
2050 1923
2050 1932
2051 14
2051 31
2051 1272
2051 2050
2052 73
2052 2051
2053 41
2053 1801
2053 1926
2054 2053
2055 6
2055 1494
2056 1926
2056 2055
2057 1292
2058 2
2058 22
2059 1284
2059 1748
2060 42
2060 1483
2061 10
2061 20
2062 2
2062 1148
2063 14
2063 20
2064 1275
2064 1276
2065 6
2065 52
2066 3
2066 22
2067 3
2067 2066
2068 10
2068 11
2068 13
2068 15
2068 17
2068 18
2068 20
2068 21
2068 30
2068 31
2068 36
2068 37
2068 38
2068 41
2068 42
2068 52
2068 57
2068 60
2068 62
2068 63
2068 73
2068 100
2068 128
2068 295
2068 1630
2068 1760
2068 1859
2068 1874
2069 1276
2070 6
2070 29
2070 45
2070 52
2071 2
2071 52
2071 1494
2071 1874
2072 2
2072 2071
2073 6
2073 1859
2074 1859
2074 2073
2075 31
2075 73
2075 1271
2075 1282
2075 1859
2075 1970
2075 2035
2075 2073
2076 6
2076 45
2076 52
2076 1285
2077 1749
2077 1814
2077 2076
2078 1751
2078 1973
2079 6
2079 14
2079 41
2079 1878
2080 1271
2080 1304
2080 1404
2080 2079
2081 2080
2082 6
2082 1890
2082 2080
2083 10
2083 26
2083 35
2083 1899
2084 45
2085 42
2085 1890
2085 2084
2086 42
2086 1878
2087 30
2087 1749
2087 1866
2087 2038
2088 1869
2089 2050
2090 1275
2091 6
2091 1859
2091 1890
2092 3
2092 1904
2092 1907
2093 2092
2094 2092
2095 3
2095 22
2095 31
2095 2094
2096 1907
2096 2095
2097 4
2097 6
2097 14
2097 1859
2098 6
2098 31
2098 42
2098 128
2098 1801
2098 1859
2098 1902
2098 2074
2098 2097
2099 3
2099 98
2099 2098
2100 1285
2100 1749
2101 1271
2102 1948
2102 2088
2102 2101
2103 41
2103 1283
2104 31
2105 4
2105 41
2105 1801
2105 1867
2106 2088
2107 2088
2108 63
2108 71
2108 1869
2108 2107
2109 51
2109 1987
2110 105
2110 1987
2110 1990
2110 2109
2111 2108
2111 2110
2112 1494
2113 6
2113 31
2113 1926
2113 2112
2114 1936
2114 1998
2115 2
2115 31
2116 2115
2117 1904
2117 2116
2118 1292
2119 1751
2120 1751
2120 1895
2121 1751
2121 1867
2122 1751
2123 1751
2123 1867
2124 1751
2124 1867
2125 1751
2126 1751
2126 1867
2127 1751
2127 1867
2128 1751
2129 1751
2130 1751
2130 1867
2130 1893
2130 1973
2131 1751
2131 1867
2131 1981
2131 2119
2132 1751
2132 1867
2133 1751
2133 1981
2134 1751
2134 1894
2135 1751
2136 1751
2136 1867
2137 1751
2137 1867
2138 1751
2138 1867
2139 1751
2140 1751
2140 1867
2141 1751
2142 1751
2143 1751
2143 1867
2143 1894
2144 1749
2144 1814
2145 6
2145 29
2145 31
2145 1748
2145 1814
2145 1818
2145 2144
2146 1290
2146 1869
2146 1889
2147 1828
2148 1874
2148 2147
2149 1894
2149 1895
2150 1829
2151 1829
2151 1885
2152 1747
2152 2053
2153 34
2153 71
2153 72
2153 1494
2153 1747
2153 2152
2154 31
2154 1494
2154 1927
2155 1494
2156 4
2156 6
2156 73
2156 1859
2156 1890
2156 1998
2156 2155
2157 4
2157 6
2157 41
2157 1271
2157 1801
2157 1890
2158 2157
2159 1271
2159 2158
2160 2159
2161 3
2161 6
2161 1271
2161 1874
2161 1890
2161 1926
2161 1935
2161 2022
2161 2075
2161 2155
2161 2160
2162 1934
2163 6
2163 31
2163 1494
2163 1801
2164 1934
2165 6
2165 31
2165 41
2165 1494
2166 1753
2166 2153
2167 1928
2167 1934
2167 2113
2167 2161
2168 2113
2169 2157
2170 4
2170 6
2170 1494
2171 2053
2171 2165
2172 2161
2173 22
2173 30
2173 34
2173 45
2173 51
2173 52
2173 56
2173 71
2173 72
2173 105
2173 1493
2173 2109
2174 1934
2174 2161
2175 1494
2175 1753
2175 2022
2175 2153
2176 3
2176 17
2176 1494
2176 1747
2176 2153
2176 2175
2177 1492
2178 31
2178 41
2178 2165
2179 1926
2179 2055
2179 2056
2180 1890
2180 2165
2181 1934
2181 2161
2182 1292
2182 2049
2183 1292
2183 2039
2184 1751
2184 1867
2184 1989
2184 1990
2185 1751
2185 1867
2186 1751
2186 1867
2187 1867
2188 1867
2189 1751
2189 1867
2190 1867
2190 1896
2191 1867
2191 1894
2192 1751
2192 1867
2193 1751
2193 1867
2194 1867
2195 1751
2195 1867
2196 1751
2196 1867
2197 1751
2197 1867
2198 45
2198 1749
2198 1814
2199 29
2199 45
2199 52
2199 1285
2200 1748
2200 2199
2201 1272
2201 1292
2202 1272
2202 2050
2203 4
2204 1272
2205 1272
2206 40
2206 1272
2207 40
2207 1272
2208 1272
2209 1272
2209 2050
2210 40
2210 1272
2211 1870
2211 1948
2212 1870
2213 1870
2214 1895
2214 1896
2215 1271
2215 1751
2216 1751
2216 1894
2216 1896
2217 1894
2218 1751
2219 31
2219 1801
2220 1751
2221 31
2221 1751
2222 4
2222 1751
2223 1893
2224 1894
2224 1895
2225 1895
2226 1751
2226 1894
2226 1896
2227 1893
2227 1894
2228 1893
2229 1751
2230 1894
2231 1801
2231 1896
2232 4
2232 1801
2232 1867
2232 1896
2233 1867
2233 1895
2234 1981
2234 2119
2235 1893
2235 2119
2236 1981
2236 2119
2237 1893
2238 1981
2238 2119
2239 1981
2239 2119
2240 1893
2240 2119
2241 1893
2241 2119
2242 2119
2243 1981
2243 2242
2244 1867
2244 1894
2244 1973
2245 768
2245 1493
2245 1749
2245 2038
2246 6
2246 31
2246 52
2246 768
2246 1807
2246 1814
2246 2245
2247 30
2247 52
2247 1748
2248 45
2248 52
2248 1749
2249 6
2249 30
2249 1748
2250 6
2250 1748
2251 6
2251 29
2251 31
2251 45
2251 52
2251 1493
2252 30
2252 45
2252 52
2252 1814
2253 26
2253 29
2253 52
2253 1808
2254 52
2254 1748
2254 1818
2255 1285
2255 1748
2255 2246
2256 6
2256 30
2256 45
2256 52
2256 561
2257 6
2257 45
2257 2020
2258 6
2258 29
2258 52
2258 1493
2259 2258
2260 52
2261 6
2261 29
2261 31
2261 45
2261 51
2261 1493
2262 45
2262 1285
2262 1749
2262 1807
2262 1866
2263 29
2263 45
2263 52
2264 1748
2265 1749
2265 1807
2266 1285
2266 1748
2267 30
2267 52
2267 1493
2268 6
2268 14
2268 26
2268 30
2268 31
2268 52
2269 1493
2269 2253
2270 6
2270 31
2270 1814
2271 6
2271 29
2271 31
2271 52
2271 1931
2272 1285
2273 4
2273 45
2273 52
2274 52
2275 29
2275 31
2275 45
2275 52
2275 1749
2275 2274
2276 45
2276 1807
2276 1810
2276 1814
2276 2268
2277 30
2277 1748
2277 2276
2278 30
2278 52
2278 1749
2279 45
2280 29
2280 52
2280 1808
2280 2279
2281 15
2281 29
2281 45
2281 51
2281 52
2281 512
2281 1285
2281 1493
2281 1807
2281 1808
2281 2264
2282 1748
2282 1749
2283 30
2283 1864
2284 1866
2285 29
2285 52
2285 1285
2285 1748
2285 1749
2286 45
2287 6
2287 31
2287 52
2287 2020
2288 1285
2288 1814
2289 4
2289 6
2289 30
2289 45
2289 52
2289 1748
2290 6
2290 31
2290 1807
2290 1810
2290 2289
2291 30
2291 1959
2292 6
2292 29
2292 45
2292 51
2292 52
2292 1442
2292 1493
2292 1749
2293 2038
2294 1748
2294 1749
2295 6
2295 45
2296 6
2296 52
2296 1905
2297 6
2297 54
2298 6
2298 1748
2299 30
2299 45
2299 52
2299 1493
2299 1749
2299 1814
2300 1818
2300 2299
2301 45
2302 45
2302 52
2302 1285
2302 1749
2302 2301
2303 1828
2303 1831
2303 1874
2303 1875
2303 1881
2303 1998
2303 1999
2304 1828
2305 1275
2306 2
2306 3
2306 14
2306 36
2306 41
2306 52
2306 63
2306 1271
2306 1878
2306 1890
2306 2115
2307 2306
2308 1404
2308 2083
2308 2307
2309 1751
2309 1894
2309 1896
2310 1953
2311 1751
2311 1894
2312 31
2312 41
2313 1751
2314 1896
2315 1751
2315 1867
2316 1989
2316 1990
2317 1894
2317 1895
2318 1893
2318 1896
2319 3
2319 10
2319 39
2319 63
2320 57
2320 127
2320 1453
2321 0
2321 10
2321 11
2321 14
2321 15
2321 18
2321 20
2321 21
2321 22
2321 23
2321 25
2321 27
2321 35
2321 36
2321 38
2321 39
2321 55
2321 60
2321 128
2321 295
2321 545
2322 22
2322 127
2323 2322
2324 0
2324 11
2324 13
2324 14
2324 15
2324 18
2324 22
2324 23
2324 26
2324 36
2324 38
2324 45
2324 48
2324 55
2324 60
2324 62
2324 295
2325 10
2325 127
2325 1303
2326 10
2327 2326
2328 0
2328 3
2328 4
2328 10
2328 11
2328 13
2328 15
2328 18
2328 20
2328 21
2328 24
2328 26
2328 38
2328 41
2328 42
2328 60
2328 63
2328 127
2328 295
2329 10
2329 2328
2330 11
2330 26
2330 37
2330 1453
2331 11
2331 15
2331 18
2331 26
2331 38
2331 39
2331 42
2331 56
2331 60
2331 295
2332 10
2332 11
2332 15
2332 22
2332 26
2332 60
2332 63
2332 295
2332 1797
2333 127
2333 2332
2334 10
2334 68
2335 39
2335 58
2335 100
2335 178
2335 2334
2336 0
2336 11
2336 13
2336 20
2336 26
2336 38
2336 42
2336 60
2336 62
2336 920
2336 1270
2336 1692
2336 1788
2337 10
2337 11
2337 13
2337 15
2337 17
2337 18
2337 22
2337 25
2337 26
2337 38
2337 42
2337 60
2337 62
2337 63
2337 295
2337 2330
2338 2337
2339 11
2339 20
2339 26
2339 38
2339 42
2339 63
2339 1825
2340 11
2340 38
2340 100
2340 2339
2341 11
2341 22
2341 38
2341 42
2341 58
2341 63
2341 100
2341 1825
2341 2340
2342 42
2342 2083
2343 1777
2343 1789
2343 2342
2344 0
2344 10
2344 11
2344 15
2344 18
2344 26
2344 36
2344 38
2344 60
2344 62
2344 295
2345 11
2345 15
2345 22
2345 26
2345 2344
2346 11
2346 15
2346 18
2346 22
2346 37
2346 60
2346 62
2346 63
2346 128
2346 2345
2347 14
2347 1281
2348 3
2348 71
2348 1453
2348 1801
2349 1802
2349 2348
2350 38
2350 127
2350 128
2351 14
2351 57
2352 10
2352 22
2352 26
2352 58
2352 2332
2353 26
2353 2352
2354 1270
2355 10
2355 36
2355 58
2355 2354
2356 15
2356 37
2356 57
2356 60
2356 63
2357 39
2357 57
2357 58
2357 2356
2358 14
2358 127
2358 179
2359 2358
2360 2359
2361 10
2361 11
2361 37
2361 38
2361 39
2361 63
2361 100
2361 1825
2361 2359
2362 11
2362 15
2362 42
2362 50
2362 57
2362 60
2362 62
2362 63
2362 68
2362 127
2362 179
2363 295
2363 2362
2364 7
2364 68
2365 7
2365 14
2365 68
2365 127
2365 2364
2366 22
2367 2364
2367 2366
2368 67
2368 178
2369 2368
2370 1768
2371 127
2372 10
2372 15
2372 37
2372 63
2373 6
2373 11
2373 15
2373 22
2373 38
2373 60
2373 63
2373 2372
2374 10
2374 39
2375 22
2375 42
2375 128
2375 2374
2376 11
2376 13
2376 20
2376 21
2377 11
2377 13
2377 15
2377 18
2377 20
2377 21
2377 38
2377 42
2377 63
2377 127
2377 128
2377 2376
2378 127
2378 1281
2379 127
2379 1281
2380 58
2380 2355
2380 2379
2381 17
2382 127
2382 2381
2383 127
2383 2381
2384 1281
2385 0
2385 10
2385 11
2385 13
2385 15
2385 26
2385 38
2385 41
2385 60
2385 62
2385 295
2386 10
2386 11
2386 13
2386 20
2386 26
2386 38
2386 100
2386 128
2386 2385
2387 545
2388 2
2388 63
2388 127
2388 1453
2388 1839
2389 3
2389 63
2389 127
2389 128
2389 1769
2389 2388
2390 1270
2390 1442
2390 1769
2390 2389
2391 42
2391 1777
2391 2390
2392 0
2392 11
2392 13
2392 15
2392 18
2392 22
2392 26
2392 35
2392 38
2392 41
2392 60
2392 62
2392 100
2392 295
2393 62
2393 2392
2394 0
2394 10
2394 11
2394 15
2394 26
2394 38
2394 39
2394 60
2394 62
2394 2344
2394 2393
2395 0
2395 11
2395 13
2395 15
2395 18
2395 26
2395 37
2395 38
2395 60
2395 62
2396 11
2396 15
2396 1482
2396 2392
2396 2395
2397 11
2397 15
2397 18
2397 22
2397 37
2397 38
2397 60
2397 62
2397 63
2397 295
2397 2396
2398 11
2398 15
2398 38
2398 42
2398 60
2398 62
2398 63
2398 295
2398 1281
2398 2396
2399 10
2399 37
2399 2397
2400 0
2400 11
2400 13
2400 14
2400 15
2400 18
2400 20
2400 21
2400 26
2400 35
2400 38
2400 60
2400 63
2400 179
2400 1798
2400 2396
2401 35
2401 2397
2402 22
2403 22
2403 36
2403 57
2403 2402
2404 37
2405 0
2405 3
2405 11
2405 13
2405 14
2405 15
2405 17
2405 18
2405 20
2405 21
2405 22
2405 23
2405 26
2405 34
2405 35
2405 36
2405 37
2405 38
2405 41
2405 42
2405 44
2405 57
2405 58
2405 60
2405 63
2405 295
2405 1765
2406 2405
2407 1832
2407 1854
2408 10
2408 42
2408 128
2409 0
2409 11
2409 12
2409 13
2409 15
2409 18
2409 20
2409 21
2409 22
2409 23
2409 25
2409 26
2409 27
2409 35
2409 37
2409 38
2409 41
2409 42
2409 44
2409 45
2409 50
2409 55
2409 60
2409 63
2409 295
2409 2344
2410 0
2410 11
2410 13
2410 15
2410 18
2410 20
2410 21
2410 22
2410 23
2410 26
2410 27
2410 33
2410 35
2410 36
2410 37
2410 38
2410 41
2410 44
2410 45
2410 52
2410 55
2410 60
2410 128
2410 295
2410 1270
2410 1801
2411 20
2411 2410
2412 0
2412 11
2412 13
2412 15
2412 17
2412 18
2412 20
2412 21
2412 26
2412 38
2412 42
2412 60
2412 63
2412 128
2412 295
2413 36
2414 1281
2414 2413
2415 58
2415 1760
2416 63
2416 127
2416 1453
2417 2416
2418 58
2418 2337
2419 11
2419 13
2419 20
2419 38
2419 100
2419 1825
2420 0
2420 6
2420 10
2420 11
2420 13
2420 15
2420 20
2420 21
2420 22
2420 23
2420 26
2420 38
2420 39
2420 41
2420 42
2420 45
2420 52
2420 55
2420 58
2420 60
2420 62
2420 172
2420 295
2420 2355
2420 2419
2421 0
2421 11
2421 13
2421 15
2421 20
2421 22
2421 26
2421 38
2421 60
2421 62
2421 295
2421 1270
2422 127
2422 2421
2423 26
2423 128
2424 58
2424 100
2425 11
2425 13
2425 15
2425 18
2425 20
2425 22
2425 26
2425 38
2425 55
2425 56
2425 60
2425 62
2425 63
2425 96
2425 295
2425 2424
2426 20
2427 20
2428 10
2428 14
2428 22
2428 37
2428 128
2428 2427
2429 37
2429 58
2429 1281
2430 2355
2430 2429
2431 14
2431 39
2431 57
2432 127
2432 2431
2433 2432
2434 105
2434 2433
2435 10
2435 13
2436 0
2436 11
2436 13
2436 14
2436 15
2436 18
2436 20
2436 21
2436 22
2436 23
2436 26
2436 37
2436 38
2436 39
2436 45
2436 49
2436 52
2436 60
2436 62
2436 128
2436 2335
2437 2436
2438 3
2438 14
2438 18
2438 38
2438 57
2438 127
2438 1269
2438 1767
2438 2437
2439 10
2439 11
2439 13
2439 15
2439 20
2439 21
2439 26
2439 38
2439 42
2439 56
2439 63
2439 179
2439 1800
2440 0
2440 10
2440 11
2440 13
2440 15
2440 18
2440 21
2440 23
2440 26
2440 37
2440 45
2440 52
2440 55
2440 60
2440 63
2440 127
2441 128
2441 2321
2441 2440
2442 1760
2443 38
2443 63
2443 127
2443 1453
2443 2442
2444 20
2444 38
2444 39
2445 38
2445 2442
2445 2444
2446 11
2446 13
2446 20
2446 63
2446 128
2446 1760
2446 2337
2447 11
2447 13
2447 20
2447 26
2447 38
2447 39
2447 2446
2448 38
2448 2410
2449 1760
2450 11
2450 13
2450 14
2450 15
2450 18
2450 20
2450 21
2450 26
2450 38
2450 42
2450 63
2450 133
2450 1281
2450 1760
2450 2410
2450 2446
2450 2449
2451 2450
2452 2450
2453 1270
2453 1825
2454 11
2454 13
2454 22
2454 38
2454 63
2454 100
2454 2453
2455 6
2455 10
2455 11
2455 13
2455 15
2455 18
2455 22
2455 25
2455 26
2455 27
2455 35
2455 37
2455 38
2455 39
2455 44
2455 45
2455 52
2455 55
2455 60
2455 63
2455 100
2455 295
2455 2454
2456 1760
2456 2450
2457 10
2457 13
2457 18
2457 39
2457 42
2458 2457
2459 1281
2460 0
2460 6
2460 10
2460 11
2460 13
2460 15
2460 26
2460 35
2460 38
2460 60
2460 62
2460 63
2460 295
2460 2403
2461 3
2461 37
2461 57
2461 63
2461 127
2461 2389
2462 20
2462 2389
2463 2389
2464 42
2464 57
2464 58
2465 0
2465 11
2465 13
2465 15
2465 18
2465 21
2465 22
2465 26
2465 38
2465 42
2465 60
2465 63
2466 0
2466 11
2466 13
2466 14
2466 15
2466 38
2466 57
2466 60
2466 62
2466 63
2466 295
2467 63
2467 1801
2467 1832
2468 42
2468 2467
2469 36
2469 2468
2470 179
2470 295
2471 2470
2472 7
2472 2335
2473 9
2473 2471
2473 2472
2474 13
2474 18
2474 22
2474 128
2475 13
2475 18
2475 22
2475 39
2475 2474
2476 63
2476 1453
2477 2476
2478 11
2478 15
2478 18
2478 20
2478 21
2478 22
2479 2337
2480 10
2480 13
2480 18
2480 38
2480 39
2480 49
2480 57
2480 2475
2481 1791
2481 2480
2482 2334
2483 295
2483 2482
2484 10
2485 13
2485 18
2485 38
2485 39
2485 49
2485 128
2485 1760
2486 39
2486 2485
2487 7
2487 295
2488 3
2488 8
2488 22
2488 127
2488 1783
2488 2487
2489 22
2489 57
2489 68
2490 0
2490 10
2490 11
2490 12
2490 13
2490 14
2490 15
2490 17
2490 19
2490 20
2490 21
2490 22
2490 23
2490 26
2490 27
2490 35
2490 36
2490 37
2490 38
2490 41
2490 42
2490 44
2490 45
2490 48
2490 49
2490 52
2490 55
2490 57
2490 60
2490 63
2490 127
2490 128
2490 1767
2490 2465
2491 2490
2492 10
2492 128
2492 2491
2493 2492
2494 2493
2495 22
2495 58
2495 127
2495 2493
2496 2489
2497 2358
2497 2496
2498 37
2499 0
2499 11
2499 13
2499 15
2499 18
2499 20
2499 21
2499 26
2499 37
2499 38
2499 41
2499 42
2499 49
2499 57
2499 58
2499 60
2499 63
2499 96
2499 1800
2499 2450
2499 2465
2500 10
2500 11
2500 13
2500 14
2500 15
2500 18
2500 38
2500 60
2500 62
2501 11
2501 13
2501 22
2501 38
2501 127
2502 1760
2503 2502
2504 2503
2505 11
2505 13
2505 14
2505 20
2505 26
2505 37
2505 38
2505 42
2505 57
2505 60
2505 62
2505 63
2505 100
2505 127
2505 1270
2505 2502
2506 39
2506 2500
2507 10
2507 13
2507 18
2507 22
2507 39
2508 11
2508 13
2508 22
2508 38
2508 58
2508 63
2508 100
2508 179
2509 22
2510 22
2510 1825
2511 10
2511 2508
2512 22
2513 22
2514 11
2514 13
2514 18
2514 20
2514 26
2514 38
2514 100
2515 11
2515 38
2515 63
2515 100
2515 2446
2515 2514
2516 1453
2517 63
2517 1453
2518 295
2519 2518
2520 128
2520 1270
2521 10
2521 11
2521 13
2521 15
2521 18
2521 20
2521 22
2521 26
2521 38
2521 39
2521 56
2521 57
2521 60
2521 62
2521 295
2521 1832
2522 295
2522 2362
2523 2522
2524 2523
2525 8
2525 1863
2525 2365
2525 2523
2526 6
2526 58
2527 11
2527 15
2527 22
2527 26
2527 37
2527 38
2527 60
2527 62
2527 2526
2528 42
2528 1801
2529 2528
2530 1850
2530 1899
2530 2467
2530 2529
2531 2420
2532 2
2532 3
2532 13
2532 14
2532 20
2532 37
2532 39
2532 42
2532 56
2532 57
2532 58
2532 63
2532 1031
2532 1760
2532 1800
2532 1801
2532 2464
2533 10
2533 128
2533 2505
2534 2533
2535 10
2535 36
2535 128
2535 2375
2536 2534
2536 2535
2537 127
2537 561
2538 10
2538 2499
2539 2538
2540 0
2540 6
2540 10
2540 11
2540 13
2540 14
2540 17
2540 18
2540 19
2540 20
2540 23
2540 26
2540 27
2540 35
2540 37
2540 38
2540 39
2540 52
2540 55
2540 63
2540 100
2541 39
2541 2436
2542 13
2542 18
2542 22
2542 38
2542 39
2542 2541
2543 10
2543 38
2544 2538
2545 2431
2546 2431
2546 2432
2547 2431
2547 2546
2548 22
2548 128
2548 2547
2549 10
2549 22
2549 58
2550 2549
2551 22
2552 2431
2553 10
2553 22
2553 2432
2554 22
2554 26
2554 37
2554 38
2554 60
2554 127
2554 1281
2555 57
2555 2521
2556 1825
2556 2508
2557 11
2557 38
2557 42
2557 128
2557 1825
2557 2515
2557 2556
2558 7
2558 8
2558 9
2558 18
2558 20
2558 21
2558 34
2558 38
2558 57
2558 63
2558 71
2558 72
2558 1988
2558 2026
2558 2470
2558 2473
2559 2558
2560 2558
2561 2560
2562 2558
2563 2470
2563 2558
2564 295
2565 2558
2566 2565
2567 2558
2568 2558
2569 8
2569 2558
2570 2569
2571 2558
2572 2558
2573 2558
2574 2565
2575 2558
2576 2558
2577 2558
2578 2558
2579 2558
2580 2558
2581 2558
2582 2558
2583 2558
2584 8
2584 2558
2585 2558
2586 8
2586 2558
2587 2569
2588 2558
2589 2566
2590 2569
2591 2558
2592 2558
2592 2569
2593 2565
2594 2558
2595 0
2595 11
2595 13
2595 15
2595 22
2595 26
2595 38
2595 60
2595 62
2595 63
2595 295
2596 2595
2597 2328
2597 2596
2598 1759
2599 2505
2600 2505
2601 2600
2602 2601
2603 10
2603 1760
2603 1794
2604 10
2604 1270
2604 2603
2605 25
2605 1281
2606 0
2606 11
2606 13
2606 15
2606 18
2606 22
2606 26
2606 37
2606 38
2606 60
2606 62
2606 63
2606 295
2606 2403
2607 1825
2607 2419
2607 2446
2608 10
2608 127
2609 2490
2610 1270
2611 1270
2612 26
2612 2253
2613 22
2613 127
2613 128
2613 1270
2613 1281
2613 2492
2614 14
2614 2613
2615 2614
2616 39
2616 2499
2617 13
2617 39
2618 2617
2619 10
2619 14
2619 1442
2619 2618
2620 2381
2620 2464
2621 2413
2621 2464
2622 2381
2622 2464
2623 2381
2623 2464
2624 57
2624 1270
2624 2623
2625 2484
2626 63
2627 10
2627 2619
2627 2626
2628 6
2628 1794
2628 2407
2628 2626
2629 295
2629 2472
2630 2629
2631 7
2631 8
2631 10
2631 2630
2632 15
2632 22
2632 26
2632 62
2632 2396
2633 22
2633 26
2633 37
2633 1499
2633 2409
2634 10
2634 57
2634 127
2634 2500
2635 2634
2636 39
2636 128
2636 2634
2637 2635
2638 2635
2639 39
2639 2638
2640 2635
2641 2635
2642 2641
2643 10
2643 128
2643 2536
2644 2536
2644 2643
2645 1756
2645 1767
2646 39
2646 57
2646 100
2646 1825
2647 20
2647 2540
2647 2646
2648 2627
2648 2647
2649 2492
2649 2648
2650 10
2650 13
2650 18
2650 42
2651 10
2651 22
2651 39
2651 42
2651 128
2652 11
2652 13
2652 15
2652 26
2652 38
2652 60
2652 62
2652 295
2652 1270
2653 11
2653 15
2653 20
2653 22
2653 2652
2654 11
2654 38
2654 57
2654 1825
2655 7
2655 295
2655 2362
2656 2
2656 3
2656 10
2656 37
2656 128
2657 2656
2658 2319
2658 2657
2659 10
2659 20
2659 38
2659 57
2660 11
2660 13
2660 15
2660 18
2660 20
2660 26
2660 38
2660 39
2660 62
2660 128
2660 2659
2661 10
2661 26
2661 38
2661 42
2661 100
2661 2659
2662 0
2662 15
2662 41
2662 42
2662 60
2663 10
2663 11
2663 13
2663 21
2663 22
2663 38
2663 2662
2664 10
2664 105
2665 2664
2666 2490
2667 10
2667 22
2667 41
2668 10
2668 22
2669 3
2669 10
2669 22
2670 15
2670 18
2670 22
2670 26
2670 38
2670 42
2670 56
2670 62
2670 63
2671 10
2671 14
2671 38
2671 39
2671 58
2672 1270
2672 1281
2673 1759
2674 10
2674 14
2674 22
2674 57
2674 1453
2675 20
2675 37
2675 38
2675 128
2675 2673
2675 2674
2676 1759
2676 2443
2677 2444
2677 2445
2677 2676
2678 1270
2678 1281
2679 58
2679 1270
2680 1791
2681 58
2681 128
2682 11
2682 26
2682 38
2682 39
2682 58
2682 100
2682 545
2683 6
2683 11
2683 13
2683 15
2683 21
2683 26
2683 58
2683 1800
2684 1760
2685 20
2685 38
2685 128
2685 1281
2685 1453
2685 2684
2686 0
2686 11
2686 13
2686 14
2686 15
2686 20
2686 22
2686 26
2686 38
2686 60
2686 62
2686 63
2686 179
2687 2603
2688 128
2689 2688
2690 37
2690 38
2690 39
2690 2688
2691 37
2691 38
2691 42
2692 37
2692 2689
2692 2691
2693 13
2693 38
2693 49
2693 1767
2694 14
2694 39
2694 127
2694 2693
2695 10
2695 22
2695 37
2695 38
2695 39
2695 42
2695 57
2695 127
2695 128
2695 1281
2695 1776
2696 2464
2697 295
2697 2362
2698 2521
2699 0
2699 10
2699 11
2699 13
2699 15
2699 18
2699 20
2699 21
2699 22
2699 23
2699 26
2699 37
2699 38
2699 39
2699 42
2699 52
2699 57
2699 60
2699 295
2699 1270
2700 127
2700 2699
2701 295
2702 127
2702 2362
2702 2701
2703 2702
2704 8
2704 10
2704 295
2704 2362
2704 2472
2704 2703
2705 2366
2705 2472
2706 68
2707 295
2707 2362
2707 2472
2707 2706
2708 22
2708 26
2709 1832
2710 1789
2710 1825
2710 1832
2710 2709
2711 2603
2712 3
2712 24
2712 26
2712 368
2712 651
2712 654
2713 22
2714 2664
2715 2326
2716 2499
2717 1453
2717 1759
2718 2675
2718 2717
2719 10
2719 11
2719 13
2719 15
2719 18
2719 20
2719 21
2719 22
2719 23
2719 26
2719 35
2719 38
2719 44
2719 60
2719 63
2719 295
2719 1453
2720 295
2720 2362
2721 0
2721 3
2721 6
2721 10
2721 15
2721 22
2721 38
2721 39
2721 40
2721 45
2721 1276
2721 2381
2722 38
2722 1825
2722 2515
2723 58
2723 2515
2723 2722
2724 2533
2725 20
2725 22
2725 57
2726 100
2726 2725
2727 36
2727 100
2728 11
2728 22
2728 1760
2729 2728
2730 1845
2731 7
2731 2334
2732 7
2732 127
2732 2482
2732 2731
2733 2482
2734 11
2734 13
2734 20
2734 38
2734 1825
2734 2660
2735 20
2735 2734
2736 1281
2736 2465
2737 6
2737 15
2737 20
2737 26
2737 39
2737 58
2737 128
2737 1760
2737 1800
2737 1801
2737 2377
2738 56
2738 1760
2738 1800
2738 2737
2739 7
2739 57
2740 2365
2740 2739
2741 1801
2741 1802
2741 2348
2742 20
2742 1760
2742 1825
2743 11
2743 14
2743 20
2743 37
2743 38
2743 63
2743 100
2743 128
2744 11
2744 13
2744 26
2744 38
2744 127
2744 1270
2745 1281
2745 2404
2745 2744
2746 1281
2747 2693
2748 0
2748 3
2748 6
2748 10
2748 11
2748 13
2748 14
2748 15
2748 17
2748 18
2748 20
2748 21
2748 22
2748 26
2748 36
2748 38
2748 39
2748 42
2748 60
2748 63
2748 127
2748 128
2749 22
2749 2748
2750 1281
2750 2654
2750 2749
2751 1802
2752 1801
2752 2751
2753 39
2753 68
2753 2472
2754 2753
2755 11
2755 15
2755 18
2755 20
2755 22
2755 26
2755 35
2755 38
2755 60
2755 62
2755 295
2755 1797
2755 2400
2756 0
2756 10
2756 11
2756 13
2756 14
2756 15
2756 17
2756 18
2756 20
2756 22
2756 35
2756 36
2756 37
2756 38
2756 41
2756 42
2756 57
2756 60
2756 62
2756 63
2756 179
2756 295
2756 1499
2756 2336
2756 2420
2756 2755
2757 10
2757 128
2758 10
2758 128
2759 2758
2760 2533
2760 2759
2761 13
2761 57
2761 2490
2762 37
2763 10
2763 14
2763 37
2763 38
2764 10
2764 22
2764 38
2764 1270
2765 37
2765 38
2765 1281
2765 2764
2766 11
2766 20
2766 37
2766 38
2766 57
2766 63
2766 100
2766 1825
2767 57
2767 63
2767 127
2767 210
2767 1453
2768 127
2768 1281
2769 0
2769 11
2769 13
2769 15
2769 22
2769 26
2769 38
2769 58
2769 60
2769 62
2769 295
2770 127
2770 1270
2771 0
2771 11
2771 13
2771 15
2771 18
2771 20
2771 22
2771 26
2771 38
2771 39
2771 41
2771 42
2771 58
2771 60
2771 62
2771 2068
2771 2499
2772 127
2772 2771
2773 0
2773 11
2773 13
2773 15
2773 18
2773 20
2773 21
2773 22
2773 26
2773 35
2773 38
2773 41
2773 60
2773 62
2773 63
2773 295
2774 1760
2774 2773
2775 11
2775 13
2775 15
2775 22
2775 38
2775 39
2775 60
2775 62
2775 63
2775 179
2775 2774
2776 37
2777 14
2777 57
2778 11
2778 15
2778 18
2778 21
2778 26
2778 38
2778 58
2778 128
2778 1270
2779 26
2779 38
2779 58
2779 2337
2780 2533
2781 11
2781 14
2781 15
2781 18
2781 20
2781 21
2781 26
2781 38
2781 39
2782 20
2782 128
2783 10
2783 38
2783 39
2783 1270
2783 2619
2784 2651
2784 2783
2785 2362
2786 295
2786 2362
2786 2785
2787 6
2787 11
2787 13
2787 15
2787 18
2787 20
2787 21
2787 26
2787 38
2787 42
2787 63
2787 179
2788 1270
2788 2341
2788 2744
2789 1270
2790 10
2790 13
2790 20
2790 26
2790 37
2790 38
2790 39
2790 57
2790 58
2790 63
2790 105
2790 128
2790 2789
2791 3
2791 1801
2792 2332
2793 14
2793 1270
2794 1270
2794 1281
2794 1453
2794 1825
2795 0
2795 11
2795 13
2795 15
2795 20
2795 21
2795 22
2795 26
2795 38
2795 60
2795 128
2795 1760
2795 2480
2796 127
2796 2795
2797 22
2798 7
2798 10
2799 22
2799 128
2800 22
2800 2505
2800 2799
2801 58
2801 1825
2801 2748
2802 1825
2802 2699
2802 2748
2803 2753
2804 2790
2805 0
2805 10
2805 11
2805 13
2805 14
2805 15
2805 18
2805 20
2805 26
2805 38
2805 41
2805 60
2805 62
2805 63
2805 105
2805 2606
2805 2633
2805 2756
2806 2436
2807 22
2807 37
2808 37
2808 42
2808 128
2809 2808
2810 2438
2811 6
2811 11
2811 13
2811 15
2811 20
2811 21
2811 26
2811 37
2811 38
2811 1800
2812 11
2812 13
2812 15
2812 17
2812 18
2812 20
2812 21
2812 22
2812 23
2812 26
2812 35
2812 36
2812 38
2812 42
2812 44
2812 48
2812 60
2812 63
2812 295
2812 1453
2813 68
2813 2707
2814 13
2814 1767
2815 295
2815 2362
2816 7
2816 2488
2816 2815
2817 11
2817 13
2817 15
2817 18
2817 20
2817 21
2817 22
2817 26
2817 38
2817 57
2817 58
2817 63
2817 100
2817 1760
2818 11
2818 15
2818 21
2818 26
2818 42
2818 1800
2818 2817
2819 1756
2819 2438
2820 2702
2821 57
2822 2821
2823 2822
2824 1760
2824 2385
2825 14
2825 42
2825 1453
2826 36
2826 1270
2826 1453
2826 2825
2827 2825
2827 2826
2828 1759
2828 2675
2829 42
2829 2530
2830 22
2830 128
2831 2675
2832 1281
2832 2540
2833 2502
2834 127
2834 1757
2835 127
2835 1757
2836 22
2836 26
2836 38
2837 22
2837 2836
2838 1757
2839 25
2839 2337
2839 2838
2840 57
2840 58
2840 1757
2841 127
2841 1757
2842 58
2843 2521
2844 10
2844 128
2844 2601
2844 2843
2845 126
2845 2843
2846 37
2846 1760
2847 2362
2847 2701
2848 11
2848 13
2848 15
2848 18
2848 20
2848 21
2848 26
2848 38
2848 63
2848 2377
2849 10
2850 2505
2851 1756
2852 1832
2853 2628
2853 2852
2854 20
2854 58
2855 295
2855 2362
2855 2525
2856 63
2856 179
2856 2472
2856 2855
2857 10
2857 22
2857 2855
2858 1281
2859 2675
2859 2765
2860 36
2860 39
2860 42
2860 58
2861 2860
2862 2505
2863 127
2863 2675
2864 0
2864 6
2864 11
2864 13
2864 14
2864 15
2864 18
2864 38
2864 60
2864 62
2864 295
2865 14
2865 128
2865 1281
2865 2336
2866 2336
2867 0
2867 11
2867 13
2867 15
2867 18
2867 20
2867 21
2867 22
2867 26
2867 36
2867 38
2867 39
2867 41
2867 42
2867 60
2867 62
2867 63
2867 295
2867 2866
2868 0
2868 2
2868 3
2868 6
2868 10
2868 11
2868 13
2868 14
2868 15
2868 17
2868 22
2868 23
2868 25
2868 26
2868 27
2868 35
2868 37
2868 39
2868 44
2868 48
2868 52
2868 57
2868 1756
2868 2336
2869 127
2869 2336
2870 1453
2871 2870
2872 57
2872 2871
2873 1769
2873 2083
2874 3
2874 19
2874 26
2874 2873
2875 0
2875 11
2875 13
2875 15
2875 22
2875 26
2875 38
2875 42
2875 58
2875 60
2875 62
2875 295
2875 1270
2876 14
2876 2743
2877 2876
2878 22
2878 1270
2879 2545
2880 36
2880 2427
2880 2521
2880 2844
2880 2879
2881 2505
2882 295
2882 2856
2883 3
2883 7
2883 10
2883 22
2883 295
2883 2522
2883 2856
2884 39
2884 1794
2885 11
2885 13
2885 15
2885 21
2885 38
2885 1453
2886 11
2886 15
2886 20
2886 21
2886 26
2886 38
2886 39
2886 58
2886 1031
2886 1453
2886 1800
2886 2885
2887 545
2888 1270
2889 58
2889 2888
2890 11
2890 38
2890 58
2890 128
2890 1825
2890 2889
2891 58
2891 2455
2891 2889
2892 10
2892 22
2892 128
2893 2536
2893 2892
2894 2893
2895 7
2895 10
2895 68
2895 179
2896 10
2896 11
2896 13
2896 15
2896 18
2896 21
2896 22
2896 26
2896 38
2896 39
2896 49
2896 1760
2897 2896
2898 1281
2899 18
2899 38
2899 39
2899 49
2899 128
2900 295
2900 2362
2900 2856
2901 2900
2902 295
2903 2362
2903 2902
2904 295
2904 2903
2905 11
2905 15
2905 22
2905 26
2905 38
2905 60
2905 63
2905 2399
2906 42
2906 2905
2907 57
2907 127
2908 127
2908 128
2909 0
2909 11
2909 13
2909 14
2909 15
2909 18
2909 20
2909 21
2909 22
2909 26
2909 37
2909 38
2909 39
2909 60
2909 63
2909 127
2909 179
2909 2908
2910 3
2910 54
2910 55
2910 127
2911 22
2911 39
2911 50
2911 128
2911 183
2911 329
2911 430
2911 1801
2912 2320
2913 10
2913 128
2913 1453
2914 2748
2915 2820
2915 2847
2916 1281
2916 2540
2917 10
2917 39
2917 1270
2918 2917
2919 2362
2919 2918
2920 2530
2921 13
2921 26
2921 37
2921 38
2921 58
2921 63
2921 128
2922 2921
2923 1760
2924 11
