1618
1 0
2 0
3 2
4 3
5 4
6 2
6 3
6 4
8 7
9 8
10 0
10 2
10 3
10 6
10 9
11 0
11 3
11 6
11 10
12 0
12 2
12 3
12 6
12 11
13 0
13 6
13 10
13 11
14 2
14 3
14 6
14 10
14 12
14 13
15 0
15 10
15 11
15 12
15 13
16 3
17 0
17 6
17 10
17 11
17 12
17 13
17 14
17 15
18 11
18 13
18 14
18 15
19 0
19 2
19 3
19 6
19 10
19 11
19 12
19 14
19 15
19 17
20 0
20 6
20 10
20 11
20 13
20 14
20 15
20 17
20 18
21 10
21 11
21 13
21 15
21 18
21 20
22 2
22 3
22 6
22 10
22 11
22 13
22 14
22 17
22 19
22 21
23 0
23 6
23 11
23 12
23 15
23 17
23 19
24 2
24 3
24 6
24 10
24 11
24 12
24 14
24 15
24 19
24 22
25 2
25 3
25 4
25 6
25 10
25 14
25 17
25 19
25 20
25 22
25 24
26 0
26 2
26 3
26 6
26 10
26 11
26 12
26 13
26 14
26 15
26 17
26 19
26 20
26 21
26 22
26 23
26 24
26 25
27 0
27 6
27 11
27 12
27 15
27 17
27 19
27 22
27 23
27 25
27 26
28 10
28 12
28 17
28 19
28 22
28 23
28 24
28 25
28 26
28 27
29 10
29 11
29 15
29 23
30 3
30 4
30 6
30 26
30 29
31 2
31 4
31 6
31 14
31 15
31 17
31 22
31 26
31 30
32 2
32 3
32 14
33 6
33 11
33 12
33 15
33 23
33 26
34 0
34 2
34 3
34 6
34 10
34 11
34 12
34 14
34 15
34 19
34 22
34 24
34 25
34 26
34 27
35 0
35 2
35 3
35 6
35 10
35 11
35 12
35 14
35 15
35 17
35 18
35 19
35 20
35 22
35 23
35 24
35 26
35 27
35 28
35 31
35 33
35 34
36 2
36 6
36 10
36 14
36 17
36 22
36 24
36 25
36 26
36 29
36 34
36 35
37 2
37 6
37 10
37 13
37 14
37 17
37 19
37 20
37 21
37 22
37 24
37 25
37 26
37 27
37 29
37 31
37 34
37 35
37 36
38 0
38 3
38 6
38 10
38 11
38 12
38 13
38 14
38 15
38 17
38 18
38 19
38 20
38 21
38 22
38 23
38 24
38 26
38 27
38 28
38 29
38 33
38 34
38 35
38 37
39 2
39 3
39 6
39 10
39 11
39 12
39 13
39 14
39 17
39 22
39 24
39 25
39 26
39 31
39 34
39 35
39 36
39 37
39 38
40 4
40 31
41 0
41 3
41 4
41 11
41 12
41 13
41 14
41 15
41 17
41 18
41 19
41 20
41 22
41 23
41 24
41 25
41 26
41 27
41 28
41 31
41 33
41 35
41 36
41 37
41 38
41 39
41 40
42 2
42 3
42 6
42 10
42 13
42 14
42 17
42 19
42 20
42 22
42 23
42 24
42 25
42 26
42 28
42 29
42 33
42 35
42 36
42 37
42 38
42 39
42 41
44 0
44 3
44 6
44 11
44 12
44 15
44 19
44 22
44 23
44 26
44 27
44 33
44 35
44 38
44 43
45 0
45 2
45 3
45 4
45 6
45 11
45 14
45 15
45 17
45 19
45 22
45 23
45 24
45 25
45 26
45 27
45 28
45 29
45 30
45 31
45 33
45 34
45 35
45 37
45 38
45 39
45 41
45 42
45 44
47 0
47 14
47 23
47 25
47 46
48 0
48 15
48 17
48 19
48 23
48 26
48 27
48 28
48 35
48 38
48 39
48 41
48 42
48 47
49 9
49 10
49 13
49 18
49 38
50 0
50 2
50 3
50 6
50 10
50 12
50 14
50 17
50 20
50 22
50 23
50 24
50 25
50 26
50 28
50 33
50 34
50 35
50 36
50 37
50 39
50 42
50 44
50 48
51 29
52 0
52 4
52 11
52 12
52 14
52 15
52 17
52 19
52 22
52 23
52 24
52 26
52 27
52 28
52 29
52 30
52 31
52 33
52 34
52 35
52 36
52 37
52 38
52 39
52 41
52 44
52 45
52 51
53 3
53 14
54 2
54 3
54 6
54 10
54 14
54 17
54 19
54 20
54 22
54 24
54 25
54 26
54 28
54 32
54 34
54 35
54 36
54 37
54 38
54 39
54 41
54 42
54 45
54 50
54 52
55 0
55 2
55 6
55 10
55 11
55 12
55 14
55 15
55 17
55 19
55 23
55 24
55 25
55 26
55 27
55 28
55 31
55 33
55 34
55 35
55 37
55 38
55 41
55 43
55 44
55 45
55 48
55 52
56 11
56 13
56 15
56 18
56 20
56 21
56 26
56 37
56 38
56 39
57 0
57 10
57 11
57 12
57 13
57 15
57 17
57 19
57 20
57 22
57 23
57 26
57 27
57 34
57 35
57 36
57 37
57 38
57 39
57 41
57 42
57 44
57 45
57 48
57 50
57 55
57 56
58 0
58 2
58 3
58 6
58 9
58 10
58 11
58 12
58 13
58 15
58 17
58 18
58 19
58 20
58 21
58 22
58 23
58 24
58 26
58 27
58 28
58 33
58 34
58 35
58 36
58 37
58 38
58 39
58 41
58 42
58 44
58 45
58 47
58 48
58 49
58 50
58 52
58 54
58 55
58 57
59 22
59 58
60 0
60 6
60 10
60 11
60 13
60 15
60 17
60 18
60 20
60 22
60 24
60 26
60 36
60 37
60 38
60 39
60 41
60 42
60 57
60 58
61 22
61 39
62 0
62 6
62 10
62 11
62 13
62 15
62 18
62 20
62 21
62 22
62 24
62 26
62 38
62 39
62 42
62 60
63 0
63 3
63 6
63 10
63 11
63 12
63 13
63 15
63 17
63 18
63 19
63 20
63 23
63 24
63 25
63 26
63 27
63 28
63 31
63 33
63 34
63 35
63 38
63 39
63 41
63 42
63 44
63 45
63 48
63 50
63 52
63 55
63 57
63 58
63 60
63 62
64 22
64 33
65 0
65 2
65 11
65 12
65 13
65 15
65 17
65 19
65 20
65 22
65 23
65 26
65 27
65 28
65 33
65 34
65 35
65 36
65 37
65 38
65 39
65 41
65 42
65 44
65 45
65 48
65 52
65 55
65 58
65 63
66 65
67 7
67 8
68 22
68 39
68 57
68 67
69 3
69 34
69 35
70 51
71 34
71 35
71 51
71 56
71 69
71 70
72 34
72 69
72 71
73 4
73 6
73 25
73 40
73 41
73 52
73 54
74 69
74 73
75 2
75 22
76 22
77 2
77 3
77 6
77 14
77 22
77 39
77 50
78 14
78 22
78 58
78 76
78 77
79 0
79 2
79 6
79 10
79 11
79 12
79 13
79 15
79 17
79 18
79 20
79 21
79 23
79 25
79 26
79 27
79 33
79 35
79 36
79 37
79 38
79 39
79 44
79 48
79 52
79 55
79 57
79 60
79 62
80 22
80 79
81 22
82 0
82 10
82 11
82 13
82 15
82 17
82 22
82 23
82 26
82 27
82 34
82 35
82 38
82 41
82 44
82 48
82 50
82 52
82 55
82 57
82 63
83 2
83 39
84 22
85 2
85 3
85 6
85 14
85 22
85 39
85 50
85 84
86 2
86 6
86 39
86 63
87 22
87 39
88 22
88 39
89 22
89 58
90 22
90 24
91 22
92 6
92 22
92 91
93 22
93 54
94 22
94 54
95 3
95 22
96 0
96 11
96 12
96 13
96 15
96 18
96 20
96 23
96 26
96 27
96 28
96 35
96 37
96 38
96 44
96 45
96 48
96 52
96 55
96 60
96 62
96 63
97 15
97 22
97 23
97 96
98 3
98 22
98 28
98 52
98 55
98 58
98 63
99 22
99 98
100 13
100 15
100 18
100 20
100 21
100 22
100 26
100 38
100 58
100 96
101 58
102 3
102 14
102 22
102 39
102 50
102 101
103 22
103 58
103 71
104 103
105 10
105 22
105 34
105 49
105 56
105 71
105 72
106 34
106 51
106 69
106 71
106 72
107 34
107 103
107 106
108 63
108 71
108 103
108 107
109 2
109 22
110 22
111 22
111 31
111 39
111 98
111 102
111 110
112 12
112 22
112 24
113 22
113 50
114 10
114 22
114 39
114 63
115 22
115 26
116 2
116 14
116 22
117 98
118 3
118 22
119 22
119 58
120 22
120 58
121 2
121 3
121 22
121 50
121 84
122 0
122 11
122 13
122 15
122 22
122 23
122 41
122 50
122 55
123 22
123 77
124 98
125 22
125 111
126 10
126 11
126 15
126 18
126 22
126 38
126 39
126 57
126 60
126 63
127 3
127 4
127 6
127 10
127 13
127 14
127 16
127 17
127 18
127 20
127 21
127 22
127 25
127 26
127 30
127 36
127 37
127 38
127 39
127 41
127 42
127 49
127 50
127 56
127 57
127 58
127 60
127 62
127 63
127 68
128 2
128 6
128 10
128 13
128 14
128 17
128 19
128 20
128 21
128 22
128 23
128 24
128 25
128 26
128 28
128 34
128 35
128 36
128 37
128 38
128 39
128 41
128 42
128 45
128 50
128 52
128 54
128 55
128 57
128 60
128 79
128 122
128 126
128 127
129 22
129 54
130 22
131 22
131 55
132 22
133 22
133 58
134 54
135 22
135 134
136 2
136 22
136 50
137 22
137 58
137 136
138 22
138 26
139 3
139 14
139 15
139 38
139 41
139 50
139 55
139 63
140 22
140 139
141 22
141 58
142 10
142 20
142 22
142 38
142 39
142 105
142 128
143 7
143 68
144 2
144 14
145 2
145 50
146 2
146 3
146 54
147 2
147 3
148 2
148 3
149 54
149 58
150 27
150 71
150 149
151 2
151 39
152 2
152 14
153 2
153 3
154 2
154 3
155 2
156 2
156 3
156 6
156 14
156 39
156 50
156 155
157 0
157 2
157 10
157 11
157 12
157 13
157 14
157 15
157 17
157 18
157 19
157 20
157 22
157 23
157 24
157 25
157 26
157 27
157 28
157 34
157 35
157 36
157 37
157 38
157 39
157 41
157 42
157 45
157 48
157 52
157 54
157 55
157 62
157 63
157 116
158 157
159 2
159 22
159 24
159 39
159 98
159 158
160 2
160 15
160 22
160 63
160 79
160 98
161 160
162 2
162 54
163 2
163 39
164 2
164 22
165 2
165 14
165 22
165 54
165 96
165 98
166 2
166 77
167 2
167 55
168 2
168 14
169 2
169 14
170 2
171 2
172 2
172 14
173 34
173 69
173 71
173 72
173 106
174 172
174 173
175 2
176 2
176 157
177 2
177 156
178 6
178 7
178 10
178 67
179 9
179 11
179 13
179 15
179 18
179 20
179 21
179 22
179 23
179 26
179 37
179 38
179 60
179 63
179 127
179 143
179 178
180 2
180 14
181 2
181 3
182 2
183 2
184 2
184 3
184 14
184 22
184 50
184 183
185 2
185 3
186 0
186 6
186 11
186 12
186 15
186 17
186 19
186 22
186 23
186 25
186 26
186 27
186 28
186 33
186 35
186 38
186 45
186 48
186 52
186 55
186 57
186 160
187 54
187 55
187 160
188 0
188 3
188 10
188 11
188 13
188 15
188 17
188 19
188 22
188 23
188 24
188 25
188 26
188 27
188 28
188 34
188 35
188 37
188 38
188 41
188 44
188 48
188 50
188 52
188 55
188 63
188 98
189 2
189 188
190 2
190 160
191 14
192 2
192 55
193 2
193 3
194 2
194 39
195 2
195 22
195 39
196 160
196 193
197 14
197 27
197 193
198 2
198 54
198 55
198 77
199 2
199 157
200 2
200 14
201 19
201 22
202 2
202 201
203 2
204 2
204 54
205 2
205 3
205 6
205 14
205 22
205 50
205 84
206 2
206 205
207 2
207 22
208 2
208 24
209 2
209 54
209 58
210 2
210 3
210 6
210 14
210 41
210 127
210 157
211 2
211 3
212 6
212 22
213 2
213 3
213 14
213 39
213 54
213 85
213 98
214 2
214 3
214 54
215 2
215 3
216 2
217 2
218 0
218 2
218 6
218 11
218 12
218 15
218 17
218 19
218 22
218 23
218 25
218 26
218 27
218 28
218 33
218 35
218 38
218 41
218 44
218 48
218 52
218 55
218 57
218 186
219 218
220 2
220 219
221 2
221 61
222 2
222 58
223 3
223 26
223 58
224 2
224 223
225 2
226 2
226 24
227 2
228 14
228 55
228 73
229 73
229 227
229 228
230 2
231 2
232 2
232 50
233 2
234 14
234 58
234 98
234 102
234 233
235 0
235 3
235 15
235 17
235 19
235 22
235 26
235 35
235 41
235 48
235 55
235 58
235 63
236 235
237 236
238 17
238 50
238 58
239 238
240 22
240 97
240 98
240 238
241 2
241 14
242 2
243 2
244 2
244 55
245 58
246 2
246 50
246 54
247 2
247 54
248 2
248 14
249 2
249 22
250 3
251 2
251 3
252 2
252 54
253 2
253 3
254 2
255 2
255 3
256 2
257 2
258 2
258 14
258 26
258 127
259 2
259 3
260 2
260 3
260 14
261 2
262 2
262 3
263 2
263 14
264 2
265 2
266 2
267 2
267 157
268 2
269 2
269 157
270 2
270 14
271 2
271 3
271 14
271 170
271 270
272 2
272 3
272 24
273 2
273 14
274 2
275 2
275 27
276 2
277 2
277 3
278 2
278 14
279 2
279 3
279 14
280 2
280 14
281 2
282 3
282 39
282 98
282 281
283 2
283 54
284 3
284 6
284 22
284 25
284 39
284 50
284 240
285 284
286 2
286 3
286 6
286 14
286 22
286 39
286 50
287 2
287 286
288 235
289 2
289 288
290 2
290 3
290 14
290 55
291 2
292 2
293 22
293 23
294 2
294 24
294 293
295 0
295 11
295 13
295 14
295 15
295 18
295 22
295 24
295 26
295 38
295 58
295 60
295 62
295 63
295 68
295 96
295 127
295 178
296 2
297 2
297 3
297 54
298 2
298 3
299 298
300 2
300 22
301 77
301 300
302 2
303 58
304 22
304 55
305 2
305 157
306 2
306 157
307 2
308 14
308 307
309 2
310 2
310 26
310 33
310 35
310 39
310 55
310 58
310 63
310 309
311 12
311 14
311 19
311 23
311 33
311 35
311 43
311 55
311 63
312 2
312 311
313 3
313 14
313 50
313 312
314 2
315 2
315 3
315 58
316 2
316 160
317 2
318 2
318 3
319 2
319 111
320 2
321 2
322 2
322 3
323 2
324 2
325 3
325 14
325 98
325 324
326 22
326 25
326 55
327 2
327 326
328 2
328 54
329 2
329 19
329 157
330 2
330 3
331 2
332 3
332 15
332 17
332 25
332 26
332 28
332 35
332 54
332 55
332 58
332 63
332 331
333 2
334 2
334 157
335 2
336 2
336 3
336 14
336 44
337 2
337 55
338 22
338 26
339 2
339 338
340 2
340 157
341 2
341 157
342 2
342 3
343 22
343 218
344 2
344 3
344 343
345 39
345 343
346 2
346 54
347 2
347 14
348 2
348 3
349 2
349 22
350 2
350 14
351 2
351 12
352 2
352 54
353 2
353 3
353 14
354 0
354 6
354 10
354 11
354 12
354 13
354 15
354 17
354 19
354 23
354 24
354 26
354 27
354 33
354 34
354 35
354 38
354 44
354 45
354 48
354 50
354 52
354 55
354 63
355 2
355 14
355 55
355 354
356 3
356 355
357 2
357 3
358 55
359 2
359 14
360 2
360 157
361 2
361 50
362 2
363 2
363 3
364 2
364 236
365 2
365 156
365 183
366 2
366 3
367 2
367 39
368 2
369 2
369 3
370 0
370 2
370 3
370 6
370 11
370 12
370 13
370 15
370 19
370 23
370 27
370 33
370 35
370 38
370 44
370 45
370 52
370 55
370 57
370 58
370 63
370 272
371 3
371 54
371 370
372 2
372 371
373 2
373 3
374 2
375 2
375 50
376 218
377 376
378 2
378 14
379 24
380 2
380 146
381 2
381 50
381 157
382 2
382 3
383 2
383 3
384 2
384 3
384 58
385 2
385 3
386 2
386 3
386 14
386 50
387 0
387 2
387 3
387 6
387 11
387 15
387 22
387 23
387 25
387 27
387 35
387 38
387 39
387 44
387 50
387 52
387 54
387 55
387 63
388 2
388 387
389 2
390 2
390 3
391 2
392 218
392 391
393 3
393 22
393 160
394 2
394 393
395 2
395 3
395 6
395 14
395 22
395 39
395 50
396 292
396 395
397 2
398 395
398 397
399 6
400 2
400 77
401 55
402 2
402 3
403 2
403 3
404 2
404 3
405 3
405 14
405 22
405 54
405 96
406 2
406 405
407 2
408 3
408 24
408 39
408 50
408 55
408 407
409 2
409 3
409 19
410 2
411 2
411 58
412 2
413 2
413 332
414 2
414 156
415 2
415 58
416 2
417 188
418 2
418 54
419 14
420 2
420 419
421 2
422 2
423 2
424 2
424 156
425 3
425 332
426 0
426 6
426 11
426 12
426 13
426 15
426 17
426 23
426 26
426 27
426 28
426 34
426 35
426 37
426 38
426 39
426 41
426 44
426 45
426 48
426 50
426 52
426 55
426 63
426 332
427 2
428 2
428 3
428 39
428 156
428 427
429 2
429 24
429 188
430 2
430 58
430 77
430 127
430 156
430 188
430 395
431 2
431 55
431 223
432 2
432 3
433 58
434 2
434 3
434 24
434 27
434 50
434 54
434 58
434 98
434 156
434 188
434 332
434 428
435 2
436 2
436 54
437 14
438 2
438 437
439 3
440 2
440 3
441 2
441 3
442 2
443 2
443 3
443 11
443 12
443 15
443 22
443 23
443 24
443 26
443 33
443 34
443 35
443 38
443 52
443 55
443 426
444 443
445 160
446 2
446 14
446 50
446 58
447 2
447 55
448 22
448 25
448 447
449 2
449 3
450 2
450 3
451 2
451 14
452 2
452 3
453 2
453 3
453 11
453 14
453 15
453 22
453 23
453 25
453 27
453 33
453 34
453 35
453 38
453 44
453 52
453 54
453 55
453 58
453 63
454 2
454 453
455 2
455 354
456 2
457 2
457 55
457 157
457 456
458 2
458 14
459 2
460 22
460 39
460 459
461 2
461 85
462 2
462 157
463 55
464 2
464 463
465 2
465 22
465 463
466 6
466 98
466 111
467 2
467 14
468 2
468 3
468 58
469 2
469 3
469 22
470 2
470 3
471 2
472 14
472 39
472 471
473 2
473 3
474 2
475 2
476 2
476 188
477 2
477 54
478 2
478 14
479 2
479 58
480 2
481 2
482 2
482 55
483 2
483 157
484 2
484 14
485 50
485 58
486 485
487 2
488 3
488 19
488 486
489 2
490 2
490 3
490 22
490 489
491 0
491 3
491 6
491 11
491 12
491 15
491 19
491 23
491 24
491 26
491 27
491 33
491 34
491 35
491 38
491 39
491 41
491 44
491 45
491 50
491 52
491 55
491 338
492 22
492 54
492 491
493 2
493 24
493 492
494 2
494 3
494 39
494 102
495 2
495 3
496 2
496 157
497 2
497 14
498 2
498 156
499 2
499 3
500 2
500 3
501 235
502 2
502 501
503 2
504 235
505 2
505 504
506 2
506 504
507 235
508 507
509 2
510 2
510 14
511 2
512 2
512 14
512 41
512 127
513 2
514 2
514 14
515 2
515 14
516 2
516 3
517 2
517 54
518 2
518 14
519 2
520 14
521 2
521 3
522 2
522 3
522 22
523 2
523 491
524 2
525 2
525 22
526 54
527 2
527 3
527 14
527 77
527 218
527 395
528 2
528 343
529 2
529 3
530 14
530 19
530 50
530 488
531 2
531 14
532 2
532 157
533 2
533 24
534 2
535 2
536 2
536 3
537 2
537 111
538 2
538 3
538 14
538 22
538 39
538 50
538 290
539 19
539 538
540 2
540 14
540 54
541 2
541 3
542 2
543 104
543 218
544 240
544 542
544 543
545 0
545 6
545 10
545 11
545 12
545 13
545 15
545 17
545 18
545 19
545 20
545 21
545 22
545 23
545 24
545 26
545 27
545 35
545 36
545 37
545 38
545 42
545 45
545 48
545 52
545 55
545 60
545 63
545 127
545 218
546 2
547 2
547 3
548 2
548 3
549 2
549 58
550 2
550 14
551 2
552 2
552 14
553 448
554 2
554 205
555 2
555 3
556 2
556 14
557 2
557 55
558 2
558 3
558 58
558 395
559 2
559 188
560 2
560 39
561 2
561 22
562 2
562 14
563 2
563 3
563 22
564 2
564 78
565 2
565 19
566 2
566 3
567 2
568 2
568 3
568 14
569 2
569 54
570 157
571 2
571 570
572 2
573 2
573 3
573 6
573 50
573 572
574 2
574 58
575 3
575 27
576 2
576 575
577 2
577 58
578 2
579 22
580 2
580 22
580 26
580 111
581 2
581 54
582 2
582 3
582 14
583 22
584 2
585 2
585 3
585 573
586 2
587 2
587 111
588 2
589 2
590 2
591 2
591 14
592 2
593 3
593 50
593 592
594 2
595 2
595 54
596 2
596 58
597 2
597 3
598 2
598 3
599 2
599 218
600 2
600 236
601 2
601 3
602 351
603 2
604 2
604 14
605 2
605 3
605 12
605 54
605 58
605 98
606 2
606 3
606 14
606 332
607 343
608 2
608 3
609 14
610 2
611 3
611 11
611 14
611 15
611 35
611 38
611 39
611 44
611 392
611 610
612 2
612 14
613 2
613 12
613 98
614 2
614 613
615 2
615 201
616 2
616 3
616 157
617 2
618 2
618 3
618 22
618 55
619 2
619 3
619 14
620 2
620 3
621 2
621 55
622 448
623 622
624 623
625 2
625 14
626 2
626 26
626 58
627 2
627 371
628 2
628 370
629 19
629 628
630 2
630 629
631 2
632 2
632 3
633 2
634 2
634 121
635 2
635 54
636 2
636 3
637 2
638 2
639 2
640 2
640 3
641 2
641 54
641 157
642 2
643 2
644 2
644 14
645 2
645 3
646 2
646 22
646 54
646 55
647 2
647 3
648 2
648 3
649 2
649 77
650 2
650 156
651 2
651 205
651 279
652 2
652 538
653 2
653 85
654 2
654 395
654 626
655 2
656 2
656 655
657 2
657 14
658 2
659 3
659 78
659 157
660 659
661 660
662 2
663 2
663 3
663 15
663 17
663 22
663 26
663 38
663 39
663 55
664 2
664 3
665 2
665 3
666 2
666 160
667 3
667 98
668 667
669 2
669 3
669 19
670 58
671 2
671 3
671 39
672 2
672 111
673 3
673 11
673 15
673 22
673 25
673 27
673 38
673 52
673 57
673 63
674 673
675 2
675 674
676 2
676 3
677 2
677 3
677 24
678 2
678 157
679 2
680 2
680 228
681 2
681 24
681 332
682 2
682 58
683 2
683 58
684 2
685 2
685 14
685 157
686 2
687 2
687 14
687 47
687 201
688 2
689 2
689 3
689 54
690 2
691 14
691 54
691 690
692 2
692 55
693 2
694 98
694 426
695 2
695 694
696 2
697 2
697 39
698 2
698 3
699 157
700 2
701 2
702 2
702 55
703 2
703 19
703 58
704 2
704 14
704 39
705 2
705 14
705 24
706 2
706 54
706 127
707 22
707 54
707 71
707 107
707 326
707 706
708 2
709 3
709 98
710 14
710 54
711 710
712 2
712 54
713 2
714 58
714 98
715 2
715 157
716 2
717 2
718 2
718 3
719 2
719 3
720 2
720 504
721 54
721 235
722 2
722 721
723 3
724 2
724 14
725 2
725 3
726 2
726 55
727 2
728 2
728 50
729 2
729 55
730 2
730 24
731 2
731 218
732 2
732 3
733 2
733 3
733 22
733 54
734 2
734 3
734 22
734 54
734 733
735 2
736 39
736 54
736 160
736 218
737 736
738 177
739 2
739 3
739 19
740 2
740 22
741 2
741 19
742 12
742 14
742 22
742 24
743 2
743 12
744 2
744 3
744 14
744 47
744 127
745 2
745 24
746 2
746 24
747 2
747 24
748 2
748 54
749 14
749 35
749 50
749 748
750 2
750 6
751 2
751 55
752 24
752 27
752 223
752 370
753 2
753 752
754 2
754 3
755 2
755 3
756 2
757 2
757 157
758 2
758 19
758 22
758 55
759 2
759 3
759 14
760 2
761 2
762 2
763 2
763 3
764 2
764 3
765 2
765 24
766 2
766 453
767 2
767 652
767 653
768 52
768 767
769 2
769 768
770 2
771 2
771 3
771 770
772 0
772 2
773 2
773 395
774 2
774 22
774 37
774 39
774 50
775 2
775 54
776 2
776 54
776 157
777 2
777 50
778 177
778 368
778 651
779 2
780 2
780 19
781 2
782 121
783 2
784 2
784 58
785 58
785 71
785 512
786 2
786 14
786 17
787 2
787 3
788 787
789 3
789 326
790 2
790 3
791 2
792 2
792 3
792 50
792 54
793 2
793 3
794 2
794 3
794 6
794 14
794 39
794 50
794 770
795 2
795 794
796 2
797 2
798 2
798 55
799 58
800 2
800 3
801 2
801 3
802 2
802 39
803 22
803 25
804 803
805 2
805 804
806 2
807 2
808 2
808 19
809 2
810 2
810 3
810 6
810 14
810 22
810 50
810 329
810 809
811 2
811 54
812 2
812 491
813 2
813 14
813 98
814 813
815 2
815 22
815 54
815 157
816 2
816 3
817 816
818 2
818 50
818 157
819 2
819 24
820 3
820 22
820 54
821 2
821 3
822 2
822 3
823 2
824 2
825 2
825 58
826 2
827 2
827 3
828 2
828 3
829 2
830 3
831 2
831 3
832 157
833 2
833 3
834 2
835 2
835 3
836 2
836 3
837 2
837 58
838 2
838 673
839 2
839 14
840 2
841 2
841 3
842 2
843 2
843 19
844 2
844 50
845 2
845 3
846 2
846 3
847 2
847 14
848 2
849 2
849 19
850 2
850 58
851 2
851 3
852 2
852 55
853 2
853 3
853 370
854 2
854 3
855 2
855 157
856 2
856 157
857 2
858 2
858 14
859 2
859 504
860 2
860 3
861 2
861 785
862 2
863 2
863 14
863 50
864 2
864 22
865 2
865 3
866 2
867 2
868 2
868 3
869 2
870 2
870 157
871 2
871 55
872 2
873 2
873 3
873 54
873 55
873 872
874 2
875 22
875 54
875 429
875 522
875 874
876 2
876 218
877 2
877 54
878 22
878 25
878 55
879 878
880 14
880 39
881 2
881 3
882 2
882 3
882 55
883 2
884 2
885 2
886 2
887 2
888 2
888 39
889 3
889 651
890 2
890 3
891 2
891 14
892 2
892 3
892 14
892 22
892 39
892 50
892 54
892 538
893 2
893 19
894 2
894 54
895 2
895 14
896 2
896 3
897 2
898 2
898 3
898 50
899 2
899 54
899 160
900 2
900 899
901 2
902 2
902 14
903 2
903 44
904 2
905 332
905 904
906 2
907 2
907 3
907 14
907 50
907 906
908 2
908 3
908 50
909 2
910 2
910 3
911 2
911 14
912 2
912 24
913 2
913 77
913 85
914 2
914 39
915 2
915 810
916 2
916 721
917 2
918 2
919 2
919 14
920 2
920 14
921 2
921 58
922 2
923 332
923 922
924 2
924 3
924 14
924 213
924 395
925 924
926 2
926 3
927 2
927 157
928 14
929 368
929 810
930 2
930 50
931 2
931 3
932 2
933 2
934 3
934 6
934 14
934 24
934 39
934 50
934 933
935 2
935 54
935 85
936 2
936 3
937 2
937 157
938 2
938 54
938 79
939 938
940 2
940 3
940 22
940 54
940 79
940 126
940 939
941 2
941 3
942 2
942 3
942 14
942 22
943 2
943 54
944 2
945 22
945 71
946 945
947 2
947 946
948 2
949 2
949 659
950 3
950 22
950 54
950 58
951 2
951 950
952 2
952 54
953 2
953 3
953 14
954 2
954 54
955 2
955 54
955 508
956 2
957 12
957 24
958 2
958 300
958 673
958 785
959 2
959 14
960 14
960 236
961 2
961 14
961 22
962 2
962 660
963 157
964 2
964 54
965 2
965 77
966 2
966 3
967 2
967 54
968 2
969 2
969 14
970 2
971 3
971 22
971 98
971 970
972 2
972 3
973 2
973 157
974 2
974 14
975 22
975 78
976 2
976 54
976 975
977 2
977 160
978 977
979 2
979 22
980 2
980 39
981 2
981 3
982 2
982 3
983 2
983 14
984 2
984 721
985 2
985 24
985 58
986 2
986 395
987 2
987 14
988 2
988 14
989 2
990 2
990 3
990 989
991 2
992 15
992 24
992 393
992 426
992 991
993 2
993 14
993 50
994 993
995 2
995 3
996 2
997 2
997 55
998 2
998 3
998 58
999 2
999 157
1000 3
1000 157
1001 19
1001 1000
1002 2
1002 157
1003 2
1003 39
1004 3
1004 54
1005 2
1006 2
1006 54
1007 2
1007 3
1008 2
1008 50
1009 19
1009 54
1010 2
1010 19
1011 79
1011 940
1012 2
1012 54
1012 1011
1013 2
1014 652
1015 2
1015 14
1015 54
1016 2
1016 3
1017 2
1017 54
1018 2
1018 54
1019 2
1019 3
1020 2
1020 54
1020 157
1021 2
1021 3
1022 2
1023 2
1023 673
1024 2
1024 54
1024 55
1025 2
1025 14
1025 213
1026 2
1026 24
1027 2
1028 877
1029 877
1030 2
1030 14
1031 42
1031 538
1031 585
1031 653
1031 794
1031 924
1031 986
1032 25
1032 1031
1033 2
1034 2
1034 332
1035 54
1036 14
1037 2
1037 157
1038 2
1038 3
1039 22
1039 58
1040 2
1040 1039
1041 3
1041 54
1042 2
1042 3
1042 6
1042 39
1042 50
1042 58
1043 2
1043 1042
1044 2
1044 160
1045 2
1045 54
1046 2
1046 14
1047 2
1047 14
1048 2
1048 55
1049 2
1049 14
1050 2
1050 3
1051 2
1052 2
1052 3
1053 2
1053 14
1054 2
1054 157
1055 2
1055 22
1055 1054
1056 2
1056 14
1057 2
1057 54
1058 14
1058 19
1058 22
1058 96
1059 2
1059 54
1060 2
1060 50
1061 194
1062 98
1062 1061
1063 2
1063 39
1063 71
1063 107
1063 1062
1064 2
1065 2
1065 157
1066 2
1066 54
1067 2
1067 50
1068 98
1069 2
1069 3
1070 2
1071 2
1071 3
1071 14
1071 423
1071 1070
1072 2
1073 22
1073 1072
1074 2
1075 14
1075 22
1075 332
1076 2
1076 54
1077 58
1078 2
1078 44
1079 2
1080 2
1080 14
1081 2
1081 54
1082 19
1082 22
1082 26
1083 1082
1084 2
1084 3
1084 54
1085 2
1085 55
1086 2
1087 2
1088 2
1088 98
1089 2
1090 2
1091 2
1091 3
1092 2
1092 50
1093 2
1093 54
1094 2
1094 3
1095 2
1095 3
1096 2
1097 2
1098 2
1099 2
1099 3
1099 14
1099 39
1100 2
1100 111
1101 2
1102 2
1102 3
1103 2
1103 14
1104 2
1104 77
1105 2
1106 2
1106 58
1107 2
1107 3
1108 1042
1109 55
1110 0
1110 2
1110 3
1110 11
1110 12
1110 13
1110 14
1110 15
1110 17
1110 18
1110 20
1110 26
1110 27
1110 28
1110 33
1110 35
1110 38
1110 41
1110 44
1110 48
1110 50
1110 52
1110 55
1110 60
1110 62
1110 63
1110 84
1110 1109
1111 2
1111 54
1112 2
1113 157
1114 58
1114 71
1115 1114
1116 2
1117 3
1117 284
1118 2
1118 1117
1119 2
1119 14
1120 2
1120 188
1121 2
1121 1042
1122 2
1122 6
1123 2
1123 14
1124 2
1124 3
1125 2
1125 58
1126 2
1126 3
1126 14
1126 54
1127 2
1127 24
1128 2
1128 58
1129 2
1129 3
1130 2
1131 2
1131 3
1131 157
1132 2
1133 332
1133 1132
1134 2
1134 14
1135 2
1135 3
1136 2
1136 3
1137 2
1137 14
1138 2
1138 721
1139 2
1140 2
1141 3
1141 1140
1142 2
1142 157
1143 218
1144 2
1144 1143
1145 2
1145 3
1146 2
1146 875
1147 2
1148 2
1148 3
1148 14
1148 22
1148 24
1148 39
1148 50
1148 136
1149 2
1149 1148
1150 2
1150 39
1151 2
1151 14
1151 54
1151 58
1152 2
1152 673
1153 2
1154 2
1154 3
1155 2
1155 19
1155 39
1156 2
1156 14
1157 2
1157 240
1158 2
1159 3
1159 14
1159 54
1159 977
1160 2
1160 24
1161 58
1161 764
1162 2
1163 3
1163 102
1164 2
1165 2
1165 50
1166 2
1166 3
1167 2
1167 804
1168 2
1168 488
1169 2
1169 14
1170 2
1170 3
1171 22
1171 1170
1172 2
1172 332
1173 2
1173 157
1174 2
1175 2
1175 54
1176 2
1176 14
1176 54
1177 2
1177 3
1178 2
1178 223
1179 2
1180 22
1180 25
1180 1179
1181 2
1181 575
1182 2
1183 0
1183 2
1183 3
1183 14
1183 22
1184 1182
1184 1183
1185 2
1185 58
1186 2
1186 3
1187 14
1187 54
1188 2
1189 2
1189 14
1190 2
1190 492
1191 2
1191 325
1192 2
1192 22
1193 2
1193 22
1194 3
1194 193
1195 2
1195 3
1196 54
1197 2
1197 1196
1198 2
1199 14
1199 1198
1200 22
1200 1199
1201 2
1201 157
1202 2
1202 54
1202 55
1203 2
1203 971
1204 2
1205 2
1206 2
1206 201
1207 2
1207 157
1208 2
1208 157
1209 813
1210 2
1210 3
1211 2
1212 2
1212 24
1213 2
1213 157
1214 157
1215 2
1215 55
1216 1180
1217 1216
1218 1217
1219 2
1219 24
1220 2
1220 14
1221 2
1221 14
1222 2
1222 238
1223 2
1223 14
1224 2
1224 19
1225 2
1225 3
1226 14
1227 2
1227 1226
1228 2
1229 2
1229 3
1229 22
1229 39
1230 2
1230 54
1231 2
1231 3
1232 2
1232 160
1233 2
1233 14
1234 2
1234 3
1235 2
1236 2
1236 11
1237 1236
1238 2
1238 721
1239 1042
1240 2
1240 325
1241 2
1241 58
1242 2
1242 3
1243 2
1244 14
1244 1055
1245 2
1246 2
1246 188
1247 3
1247 58
1247 156
1247 1246
1248 2
1248 14
1248 77
1248 157
1248 934
1249 2
1249 54
1250 2
1251 6
1251 58
1251 98
1251 1250
1252 2
1252 3
1253 2
1253 14
1254 2
1254 14
1255 3
1255 14
1255 19
1256 2
1256 1255
1257 2
1258 2
1258 673
1259 2
1260 2
1260 1259
1261 2
1261 3
1261 14
1261 54
1261 293
1262 111
1262 157
1263 12
1263 55
1264 12
1265 55
1265 1264
1266 11
1266 13
1266 14
1266 15
1266 20
1266 22
1266 26
1266 36
1266 38
1266 41
1266 57
1266 60
1266 62
1266 63
1266 295
1267 2
1267 12
1267 14
1267 54
1268 57
1269 0
1269 2
1269 10
1269 11
1269 13
1269 15
1269 16
1269 17
1269 18
1269 20
1269 21
1269 22
1269 26
1269 36
1269 37
1269 38
1269 39
1269 41
1269 42
1269 56
1269 58
1269 60
1269 62
1269 63
1269 100
1269 127
1269 128
1269 144
1269 183
1269 512
1269 561
1269 706
1269 892
1269 1268
1270 0
1270 2
1270 6
1270 10
1270 11
1270 12
1270 13
1270 14
1270 15
1270 17
1270 19
1270 20
1270 21
1270 22
1270 23
1270 25
1270 26
1270 27
1270 34
1270 35
1270 36
1270 37
1270 38
1270 39
1270 41
1270 42
1270 44
1270 45
1270 48
1270 50
1270 52
1270 54
1270 55
1270 60
1270 63
1270 127
1270 1268
1271 2
1271 4
1271 11
1271 12
1271 13
1271 14
1271 15
1271 17
1271 19
1271 22
1271 23
1271 24
1271 26
1271 27
1271 28
1271 30
1271 33
1271 34
1271 35
1271 36
1271 38
1271 39
1271 41
1271 42
1271 45
1271 50
1271 52
1271 54
1271 55
1271 58
1271 60
1271 63
1271 128
1272 4
1272 14
1272 31
1272 39
1272 40
1272 1271
1273 1272
1274 14
1274 41
1274 52
1274 1267
1275 2
1275 14
1275 36
1275 128
1275 213
1275 1271
1275 1274
1276 2
1276 3
1276 4
1276 6
1276 22
1276 26
1276 27
1276 35
1276 39
1276 41
1276 42
1276 50
1276 52
1276 55
1276 58
1276 213
1276 1274
1276 1275
1277 54
1277 1267
1278 0
1278 2
1278 3
1278 11
1278 12
1278 13
1278 15
1278 17
1278 18
1278 19
1278 20
1278 23
1278 26
1278 27
1278 28
1278 33
1278 34
1278 35
1278 38
1278 41
1278 44
1278 45
1278 47
1278 52
1278 55
1278 56
1278 57
1278 62
1278 63
1278 179
1279 50
1279 1278
1280 128
1280 1267
1280 1275
1281 0
1281 2
1281 6
1281 10
1281 11
1281 13
1281 14
1281 15
1281 18
1281 20
1281 21
1281 22
1281 25
1281 26
1281 37
1281 38
1281 41
1281 42
1281 45
1281 49
1281 50
1281 52
1281 60
1281 63
1281 127
1281 128
1281 706
1281 1268
1282 1271
1282 1274
1283 3
1283 6
1283 14
1283 39
1283 41
1283 52
1283 54
1283 1274
1284 6
1284 31
1284 52
1284 1274
1285 3
1285 11
1285 12
1285 15
1285 17
1285 19
1285 22
1285 23
1285 24
1285 25
1285 26
1285 27
1285 28
1285 29
1285 33
1285 34
1285 35
1285 38
1285 39
1285 41
1285 42
1285 44
1285 45
1285 52
1285 54
1285 55
1285 57
1285 73
1285 446
1285 1274
1285 1284
1286 3
1286 14
1286 39
1286 42
1287 1267
1287 1286
1288 2
1288 11
1288 22
1288 28
1288 52
1288 810
1288 1269
1289 2
1289 3
1289 6
1289 14
1289 22
1289 39
1289 50
1289 850
1289 925
1289 1288
1290 4
1290 31
1290 41
1290 128
1290 494
1290 1271
1290 1283
1290 1288
1291 6
1291 14
1291 15
1291 19
1291 23
1291 24
1291 25
1291 28
1291 31
1291 33
1291 35
1291 38
1291 52
1291 55
1291 58
1292 40
1292 1288
1292 1291
1293 4
1293 31
1293 40
1293 73
1293 1272
1293 1290
1294 2
1295 14
1295 22
1295 58
1295 150
1296 2
1296 3
1296 39
1297 2
1297 39
1298 22
1298 39
1299 13
1299 39
1300 39
1300 40
1301 39
1301 40
1301 41
1302 2
1302 3
1302 14
1302 22
1302 31
1302 39
1302 42
1302 63
1302 128
1302 1270
1302 1271
1302 1275
1302 1276
1302 1301
1303 13
1303 18
1303 38
1303 39
1303 49
1303 128
1303 1270
1304 4
1304 6
1304 31
1304 41
1304 63
1304 128
1304 1302
1305 1229
1306 2
1307 2
1308 2
1309 39
1310 1308
1310 1309
1311 2
1312 2
1313 22
1314 22
1314 25
1315 22
1315 1314
1316 25
1316 1314
1317 22
1317 25
1318 803
1319 22
1320 878
1321 22
1321 25
1322 22
1322 25
1323 803
1324 1180
1325 2
1326 2
1327 2
1328 2
1329 2
1329 3
1329 19
1329 54
1329 219
1330 14
1330 54
1330 1329
1331 6
1331 1329
1332 22
1332 98
1332 977
1332 1329
1333 14
1333 1329
1334 2
1334 1311
1335 39
1335 98
1336 2
1336 3
1336 54
1336 511
1336 589
1336 1335
1337 23
1337 47
1337 58
1337 1110
1338 0
1338 3
1338 11
1338 12
1338 13
1338 15
1338 17
1338 18
1338 19
1338 20
1338 21
1338 22
1338 23
1338 25
1338 26
1338 27
1338 28
1338 33
1338 35
1338 38
1338 41
1338 44
1338 45
1338 47
1338 52
1338 55
1338 60
1338 63
1338 472
1338 1337
1339 0
1339 22
1339 23
1339 28
1339 42
1339 47
1340 42
1340 1339
1341 448
1341 1042
1342 235
1343 1342
1344 24
1344 54
1344 1343
1345 2
1346 19
1346 24
1347 3
1347 157
1348 23
1348 47
1348 1338
1349 22
1349 39
1349 98
1350 235
1351 6
1351 39
1352 55
1353 3
1353 58
1353 1317
1353 1319
1353 1352
1354 54
1354 160
1355 14
1355 160
1356 3
1356 160
1357 160
1358 3
1358 160
1358 611
1358 1357
1359 160
1360 160
1360 611
1361 160
1361 611
1362 186
1363 160
1363 325
1364 160
1365 160
1366 2
1366 3
1367 6
1367 1366
1368 332
1368 1366
1369 3
1369 28
1370 3
1370 22
1370 50
1370 63
1370 96
1371 2
1371 19
1372 2
1373 98
1374 22
1374 54
1374 98
1374 1373
1375 3
1375 488
1375 1323
1376 2
1376 1323
1377 2
1377 1217
1378 1058
1378 1217
1379 14
1379 1324
1380 2
1380 22
1380 54
1380 165
1381 2
1381 3
1381 14
1382 310
1383 218
1384 157
1384 218
1384 1383
1385 14
1385 1383
1386 22
1386 39
1387 58
1387 98
1387 605
1387 1386
1388 42
1388 47
1388 1337
1389 14
1389 1313
1390 3
1390 14
1390 22
1391 54
1391 71
1392 218
1392 1391
1393 218
1393 1390
1393 1392
1394 2
1394 1311
1395 1309
1395 1310
1395 1311
1396 54
1397 19
1398 2
1398 146
1399 47
1399 58
1399 1338
1400 23
1400 1338
1401 2
1401 3
1401 14
1401 286
1402 0
1402 19
1402 42
1402 47
1402 98
1402 1338
1402 1400
1403 14
1403 102
1404 39
1404 63
1405 3
1405 77
1406 3
1406 14
1406 157
1407 6
1407 19
1407 35
1408 3
1408 14
1408 23
1408 33
1408 35
1408 44
1408 63
1408 1407
1409 2
1409 22
1409 54
1409 98
1410 2
1410 1338
1411 2
1411 157
1412 157
1413 14
1413 54
1414 58
1414 1373
1415 14
1416 77
1416 205
1416 1415
1417 22
1418 2
1419 54
1419 98
1420 3
1420 26
1420 50
1420 54
1421 2
1421 3
1421 15
1421 22
1421 38
1421 878
1421 1420
1422 2
1422 3
1422 54
1423 14
1423 326
1424 1058
1425 165
1426 19
1426 165
1427 2
1427 14
1427 157
1428 2
1428 14
1429 2
1429 14
1430 2
1431 3
1431 205
1432 85
1433 23
1433 1338
1434 1402
1435 6
1435 10
1435 11
1435 13
1435 14
1435 17
1435 19
1435 23
1435 24
1435 25
1435 26
1435 27
1435 28
1435 35
1435 38
1435 39
1435 41
1435 42
1435 45
1435 47
1435 50
1435 52
1435 54
1435 55
1435 58
1435 512
1435 687
1435 1279
1435 1338
1435 1402
1435 1434
1436 58
1436 1402
1437 47
1437 1278
1437 1338
1437 1436
1438 3
1438 4
1438 54
1438 127
1438 188
1438 1117
1439 1380
1440 2
1441 2
1441 3
1442 55
1442 69
1442 111
1442 218
1442 924
1442 992
1442 1099
1442 1180
1442 1420
1443 14
1444 14
1444 218
1444 1393
1445 2
1445 14
1445 1393
1446 3
1446 186
1446 875
1447 1320
1448 98
1448 1447
1449 2
1449 3
1449 14
1449 240
1449 1401
1450 17
1451 1450
1452 1451
1453 0
1453 3
1453 6
1453 10
1453 13
1453 14
1453 15
1453 17
1453 20
1453 21
1453 22
1453 26
1453 35
1453 36
1453 37
1453 38
1453 39
1453 41
1453 42
1453 50
1453 52
1453 55
1453 60
1453 63
1453 127
1453 1452
1454 58
1454 223
1455 58
1455 82
1456 2
1456 24
1456 1383
1456 1455
1457 39
1457 1336
1458 1402
1459 14
1459 1110
1459 1338
1460 1459
1461 1337
1461 1400
1462 3
1462 47
1462 58
1463 2
1463 218
1464 218
1465 1143
1466 1251
1466 1465
1467 160
1467 218
1468 218
1469 14
1469 376
1470 2
1470 218
1471 58
1471 218
1472 3
1472 376
1473 55
1473 1464
1474 24
1474 218
1475 218
1476 3
1476 160
1477 218
1477 1476
1478 1143
1479 14
1479 1143
1480 1143
1481 157
1481 376
1482 11
1482 15
1482 18
1482 20
1482 21
1482 22
1482 26
1482 38
1482 56
1482 62
1482 63
1482 96
1482 128
1482 1269
1482 1278
1482 1281
1483 2
1483 677
1483 757
1483 1278
1484 3
1485 2
1485 3
1485 22
1486 2
1486 286
1487 2
1487 22
1488 3
1488 1451
1489 1294
1489 1488
1490 14
1490 58
1490 1453
1490 1488
1491 2
1492 2
1492 29
1492 30
1492 40
1492 41
1492 45
1492 51
1492 52
1492 54
1492 128
1492 213
1492 430
1492 512
1492 1271
1492 1272
1493 29
1493 31
1493 41
1493 45
1493 52
1493 1285
1493 1492
1494 2
1494 3
1494 10
1494 13
1494 14
1494 15
1494 23
1494 33
1494 35
1494 38
1494 41
1494 45
1494 52
1494 55
1494 57
1494 63
1494 1492
1495 4
1495 31
1495 41
1495 1271
1495 1283
1496 22
1496 54
1497 1031
1497 1271
1498 54
1498 1338
1499 0
1499 10
1499 11
1499 13
1499 14
1499 15
1499 18
1499 21
1499 22
1499 23
1499 26
1499 38
1499 41
1499 42
1499 45
1499 50
1499 52
1499 60
1499 63
1500 2
1500 3
1500 6
1500 14
1500 39
1500 1171
1500 1498
1501 6
1501 11
1501 17
1501 19
1501 38
1501 42
1501 54
1501 58
1501 71
1501 98
1501 173
1502 58
1503 1502
1504 3
1504 15
1504 22
1504 54
1504 98
1504 111
1504 218
1504 1502
1504 1503
1505 10
1505 13
1505 15
1505 17
1505 23
1505 39
1505 42
1505 52
1505 55
1506 58
1507 58
1507 434
1508 58
1508 575
1509 58
1510 17
1510 58
1510 128
1511 0
1511 17
1511 111
1511 128
1511 1510
1512 58
1512 111
1513 58
1513 428
1514 54
1514 58
1515 58
1516 58
1517 58
1518 58
1519 58
1520 58
1521 58
1522 1042
1523 58
1523 223
1524 58
1525 58
1525 1336
1526 58
1527 58
1528 3
1528 58
1528 332
1528 434
1529 27
1529 58
1530 58
1531 58
1531 188
1532 58
1533 58
1533 332
1534 58
1534 434
1535 58
1536 58
1536 82
1537 24
1537 58
1538 58
1538 111
1539 58
1539 111
1540 58
1541 24
1541 58
1542 58
1543 58
1544 58
1545 11
1545 58
1545 157
1545 426
1546 55
1546 58
1547 58
1548 0
1548 11
1548 15
1548 23
1548 33
1548 34
1548 35
1548 38
1548 44
1548 52
1548 63
1548 426
1548 1547
1549 58
1550 3
1550 15
1550 24
1550 26
1550 35
1550 38
1550 54
1550 1291
1550 1549
1551 79
1552 10
1552 15
1552 22
1552 23
1552 27
1552 35
1552 38
1552 44
1552 45
1552 48
1552 52
1552 55
1552 63
1552 1551
1553 15
1553 22
1553 58
1554 42
1554 58
1555 58
1556 0
1556 3
1556 47
1556 128
1556 1435
1556 1555
1557 42
1557 58
1558 58
1558 1338
1559 0
1559 58
1560 58
1561 3
1561 58
1562 3
1562 58
1563 54
1563 58
1564 22
1565 58
1566 58
1567 3
1567 6
1567 14
1567 39
1567 50
1567 365
1568 3
1568 58
1568 156
1568 1566
1568 1567
1569 58
1569 1568
1570 58
1570 127
1571 98
1571 1039
1572 55
1572 58
1573 22
1573 58
1574 58
1575 3
1575 14
1575 54
1575 58
1575 98
1575 1574
1576 58
1577 58
1577 240
1577 538
1577 1576
1578 10
1578 58
1579 0
1579 58
1580 58
1581 58
1581 1289
1582 58
1583 10
1583 22
1583 39
1583 50
1583 63
1583 1582
1584 22
1584 58
1585 19
1585 580
1586 1039
1587 58
1588 11
1588 58
1588 1545
1589 58
1589 102
1590 28
1590 48
1590 72
1591 1590
1592 3
1592 58
1593 50
1593 58
1593 1338
1594 58
1594 1278
1595 58
1595 1590
1596 58
1597 1590
1598 58
1599 22
1600 58
1601 2
1601 3
1601 22
1601 50
1601 1600
1602 58
1602 1251
1603 58
1603 466
1604 58
1605 3
1605 58
1606 58
1607 50
1607 58
1608 58
1609 58
1609 434
1610 58
1611 24
1611 58
1612 22
1612 58
1613 3
1613 58
1614 58
1615 6
1615 58
1616 27
1616 58
1617 58
1617 223
